0 0 0 
0 1 1 
0 2 2 
0 3 3 
0 4 1 
0 5 1 
0 6 1 
0 7 3 
0 8 3 
0 9 1 
0 10 2 
0 11 4 
0 12 4 
0 13 1 
0 14 2 
0 15 5 
0 16 4 
0 17 3 
0 18 3 
0 19 6 
0 20 4 
0 21 3 
0 22 3 
0 23 3 
0 24 3 
0 25 2 
0 26 3 
0 27 5 
0 28 4 
0 29 3 
0 30 4 
0 31 1 
0 32 7 
0 33 7 
0 34 1 
0 35 4 
0 36 6 
0 37 4 
0 38 2 
0 39 5 
0 40 4 
0 41 5 
0 42 4 
0 43 2 
0 44 4 
0 45 5 
0 46 2 
0 47 4 
0 48 3 
0 49 4 
0 50 2 
0 51 2 
0 52 3 
0 53 3 
0 54 2 
0 55 4 
0 56 2 
0 57 6 
0 58 3 
0 59 2 
0 60 5 
0 61 3 
0 62 3 
0 63 3 
0 64 6 
0 65 4 
0 66 1 
0 67 3 
0 68 5 
0 69 4 
0 70 3 
0 71 2 
0 72 3 
0 73 6 
0 74 3 
0 75 2 
0 76 7 
0 77 4 
0 78 6 
0 79 2 
0 80 3 
0 81 3 
0 82 2 
0 83 2 
0 84 2 
0 85 2 
0 86 3 
0 87 3 
0 88 4 
0 89 6 
0 90 6 
0 91 3 
0 92 7 
0 93 7 
0 94 2 
0 95 3 
0 96 5 
0 97 6 
0 98 4 
0 99 3 
1 0 1 
1 1 0 
1 2 1 
1 3 2 
1 4 2 
1 5 2 
1 6 2 
1 7 2 
1 8 2 
1 9 2 
1 10 1 
1 11 3 
1 12 3 
1 13 2 
1 14 1 
1 15 4 
1 16 3 
1 17 2 
1 18 2 
1 19 5 
1 20 3 
1 21 2 
1 22 2 
1 23 2 
1 24 2 
1 25 1 
1 26 2 
1 27 4 
1 28 3 
1 29 2 
1 30 3 
1 31 2 
1 32 6 
1 33 6 
1 34 2 
1 35 3 
1 36 5 
1 37 3 
1 38 1 
1 39 4 
1 40 3 
1 41 4 
1 42 3 
1 43 3 
1 44 3 
1 45 4 
1 46 1 
1 47 3 
1 48 2 
1 49 3 
1 50 1 
1 51 3 
1 52 2 
1 53 2 
1 54 3 
1 55 3 
1 56 3 
1 57 5 
1 58 2 
1 59 1 
1 60 4 
1 61 4 
1 62 2 
1 63 2 
1 64 5 
1 65 3 
1 66 2 
1 67 2 
1 68 4 
1 69 3 
1 70 2 
1 71 3 
1 72 2 
1 73 5 
1 74 2 
1 75 3 
1 76 6 
1 77 3 
1 78 5 
1 79 1 
1 80 2 
1 81 2 
1 82 1 
1 83 3 
1 84 1 
1 85 1 
1 86 2 
1 87 4 
1 88 3 
1 89 5 
1 90 5 
1 91 2 
1 92 6 
1 93 6 
1 94 1 
1 95 2 
1 96 4 
1 97 5 
1 98 3 
1 99 2 
2 0 2 
2 1 1 
2 2 0 
2 3 1 
2 4 3 
2 5 3 
2 6 3 
2 7 1 
2 8 1 
2 9 3 
2 10 2 
2 11 2 
2 12 2 
2 13 3 
2 14 2 
2 15 3 
2 16 2 
2 17 1 
2 18 1 
2 19 4 
2 20 2 
2 21 1 
2 22 3 
2 23 1 
2 24 1 
2 25 2 
2 26 1 
2 27 3 
2 28 2 
2 29 3 
2 30 2 
2 31 3 
2 32 5 
2 33 5 
2 34 3 
2 35 2 
2 36 4 
2 37 2 
2 38 2 
2 39 3 
2 40 4 
2 41 3 
2 42 2 
2 43 4 
2 44 2 
2 45 3 
2 46 2 
2 47 2 
2 48 3 
2 49 2 
2 50 2 
2 51 4 
2 52 1 
2 53 3 
2 54 4 
2 55 2 
2 56 4 
2 57 4 
2 58 1 
2 59 2 
2 60 3 
2 61 5 
2 62 3 
2 63 1 
2 64 4 
2 65 2 
2 66 3 
2 67 1 
2 68 3 
2 69 2 
2 70 3 
2 71 4 
2 72 3 
2 73 4 
2 74 1 
2 75 4 
2 76 5 
2 77 4 
2 78 4 
2 79 2 
2 80 1 
2 81 1 
2 82 2 
2 83 4 
2 84 2 
2 85 2 
2 86 3 
2 87 5 
2 88 4 
2 89 4 
2 90 4 
2 91 1 
2 92 5 
2 93 5 
2 94 2 
2 95 1 
2 96 3 
2 97 4 
2 98 4 
2 99 3 
3 0 3 
3 1 2 
3 2 1 
3 3 0 
3 4 4 
3 5 4 
3 6 4 
3 7 2 
3 8 2 
3 9 4 
3 10 3 
3 11 1 
3 12 3 
3 13 4 
3 14 3 
3 15 4 
3 16 1 
3 17 2 
3 18 2 
3 19 5 
3 20 3 
3 21 2 
3 22 4 
3 23 2 
3 24 2 
3 25 3 
3 26 2 
3 27 2 
3 28 3 
3 29 4 
3 30 3 
3 31 4 
3 32 6 
3 33 6 
3 34 4 
3 35 3 
3 36 3 
3 37 3 
3 38 3 
3 39 4 
3 40 5 
3 41 4 
3 42 3 
3 43 5 
3 44 1 
3 45 4 
3 46 3 
3 47 1 
3 48 4 
3 49 3 
3 50 3 
3 51 5 
3 52 2 
3 53 4 
3 54 5 
3 55 3 
3 56 5 
3 57 5 
3 58 2 
3 59 3 
3 60 4 
3 61 6 
3 62 4 
3 63 2 
3 64 5 
3 65 1 
3 66 4 
3 67 2 
3 68 2 
3 69 3 
3 70 4 
3 71 5 
3 72 4 
3 73 5 
3 74 2 
3 75 5 
3 76 6 
3 77 5 
3 78 5 
3 79 3 
3 80 2 
3 81 2 
3 82 3 
3 83 5 
3 84 3 
3 85 3 
3 86 4 
3 87 6 
3 88 5 
3 89 5 
3 90 5 
3 91 2 
3 92 6 
3 93 6 
3 94 3 
3 95 2 
3 96 2 
3 97 3 
3 98 5 
3 99 4 
4 0 1 
4 1 2 
4 2 3 
4 3 4 
4 4 0 
4 5 2 
4 6 2 
4 7 4 
4 8 4 
4 9 2 
4 10 3 
4 11 5 
4 12 5 
4 13 2 
4 14 3 
4 15 6 
4 16 5 
4 17 4 
4 18 4 
4 19 7 
4 20 5 
4 21 4 
4 22 4 
4 23 4 
4 24 4 
4 25 3 
4 26 4 
4 27 6 
4 28 5 
4 29 4 
4 30 5 
4 31 2 
4 32 8 
4 33 8 
4 34 2 
4 35 5 
4 36 7 
4 37 5 
4 38 3 
4 39 6 
4 40 5 
4 41 6 
4 42 5 
4 43 3 
4 44 5 
4 45 6 
4 46 3 
4 47 5 
4 48 4 
4 49 5 
4 50 3 
4 51 3 
4 52 4 
4 53 4 
4 54 1 
4 55 5 
4 56 3 
4 57 7 
4 58 4 
4 59 3 
4 60 6 
4 61 4 
4 62 4 
4 63 4 
4 64 7 
4 65 5 
4 66 2 
4 67 4 
4 68 6 
4 69 5 
4 70 4 
4 71 3 
4 72 4 
4 73 7 
4 74 4 
4 75 1 
4 76 8 
4 77 5 
4 78 7 
4 79 3 
4 80 4 
4 81 4 
4 82 3 
4 83 3 
4 84 3 
4 85 3 
4 86 4 
4 87 4 
4 88 5 
4 89 7 
4 90 7 
4 91 4 
4 92 8 
4 93 8 
4 94 3 
4 95 4 
4 96 6 
4 97 7 
4 98 5 
4 99 4 
5 0 1 
5 1 2 
5 2 3 
5 3 4 
5 4 2 
5 5 0 
5 6 2 
5 7 4 
5 8 4 
5 9 2 
5 10 3 
5 11 5 
5 12 5 
5 13 2 
5 14 3 
5 15 6 
5 16 5 
5 17 4 
5 18 4 
5 19 7 
5 20 5 
5 21 4 
5 22 4 
5 23 4 
5 24 4 
5 25 3 
5 26 4 
5 27 6 
5 28 5 
5 29 4 
5 30 5 
5 31 2 
5 32 8 
5 33 8 
5 34 2 
5 35 5 
5 36 7 
5 37 5 
5 38 3 
5 39 6 
5 40 5 
5 41 6 
5 42 5 
5 43 3 
5 44 5 
5 45 6 
5 46 3 
5 47 5 
5 48 4 
5 49 5 
5 50 3 
5 51 3 
5 52 4 
5 53 4 
5 54 3 
5 55 5 
5 56 1 
5 57 7 
5 58 4 
5 59 3 
5 60 6 
5 61 2 
5 62 4 
5 63 4 
5 64 7 
5 65 5 
5 66 2 
5 67 4 
5 68 6 
5 69 5 
5 70 4 
5 71 3 
5 72 4 
5 73 7 
5 74 4 
5 75 3 
5 76 8 
5 77 5 
5 78 7 
5 79 3 
5 80 4 
5 81 4 
5 82 3 
5 83 3 
5 84 3 
5 85 3 
5 86 4 
5 87 4 
5 88 5 
5 89 7 
5 90 7 
5 91 4 
5 92 8 
5 93 8 
5 94 3 
5 95 4 
5 96 6 
5 97 7 
5 98 5 
5 99 4 
6 0 1 
6 1 2 
6 2 3 
6 3 4 
6 4 2 
6 5 2 
6 6 0 
6 7 4 
6 8 4 
6 9 2 
6 10 3 
6 11 5 
6 12 5 
6 13 2 
6 14 3 
6 15 6 
6 16 5 
6 17 4 
6 18 4 
6 19 7 
6 20 5 
6 21 4 
6 22 4 
6 23 4 
6 24 4 
6 25 3 
6 26 4 
6 27 6 
6 28 5 
6 29 4 
6 30 5 
6 31 2 
6 32 8 
6 33 8 
6 34 2 
6 35 5 
6 36 7 
6 37 5 
6 38 3 
6 39 6 
6 40 5 
6 41 6 
6 42 5 
6 43 3 
6 44 5 
6 45 6 
6 46 3 
6 47 5 
6 48 4 
6 49 5 
6 50 3 
6 51 3 
6 52 4 
6 53 4 
6 54 3 
6 55 5 
6 56 3 
6 57 7 
6 58 4 
6 59 3 
6 60 6 
6 61 4 
6 62 4 
6 63 4 
6 64 7 
6 65 5 
6 66 2 
6 67 4 
6 68 6 
6 69 5 
6 70 4 
6 71 3 
6 72 4 
6 73 7 
6 74 4 
6 75 3 
6 76 8 
6 77 5 
6 78 7 
6 79 3 
6 80 4 
6 81 4 
6 82 3 
6 83 3 
6 84 3 
6 85 3 
6 86 4 
6 87 4 
6 88 5 
6 89 7 
6 90 7 
6 91 4 
6 92 8 
6 93 8 
6 94 3 
6 95 4 
6 96 6 
6 97 7 
6 98 5 
6 99 4 
7 0 3 
7 1 2 
7 2 1 
7 3 2 
7 4 4 
7 5 4 
7 6 4 
7 7 0 
7 8 2 
7 9 4 
7 10 3 
7 11 3 
7 12 1 
7 13 4 
7 14 3 
7 15 2 
7 16 3 
7 17 2 
7 18 2 
7 19 3 
7 20 3 
7 21 2 
7 22 4 
7 23 2 
7 24 2 
7 25 3 
7 26 2 
7 27 4 
7 28 3 
7 29 4 
7 30 3 
7 31 4 
7 32 4 
7 33 4 
7 34 4 
7 35 3 
7 36 5 
7 37 3 
7 38 3 
7 39 2 
7 40 5 
7 41 2 
7 42 3 
7 43 5 
7 44 3 
7 45 2 
7 46 3 
7 47 3 
7 48 4 
7 49 3 
7 50 3 
7 51 5 
7 52 2 
7 53 4 
7 54 5 
7 55 3 
7 56 5 
7 57 3 
7 58 2 
7 59 3 
7 60 4 
7 61 6 
7 62 4 
7 63 2 
7 64 3 
7 65 3 
7 66 4 
7 67 2 
7 68 4 
7 69 1 
7 70 4 
7 71 5 
7 72 4 
7 73 3 
7 74 2 
7 75 5 
7 76 4 
7 77 5 
7 78 3 
7 79 3 
7 80 2 
7 81 2 
7 82 3 
7 83 5 
7 84 3 
7 85 3 
7 86 4 
7 87 6 
7 88 5 
7 89 3 
7 90 3 
7 91 2 
7 92 4 
7 93 4 
7 94 3 
7 95 2 
7 96 4 
7 97 5 
7 98 5 
7 99 4 
8 0 3 
8 1 2 
8 2 1 
8 3 2 
8 4 4 
8 5 4 
8 6 4 
8 7 2 
8 8 0 
8 9 4 
8 10 3 
8 11 3 
8 12 3 
8 13 4 
8 14 3 
8 15 4 
8 16 3 
8 17 2 
8 18 2 
8 19 5 
8 20 3 
8 21 2 
8 22 4 
8 23 2 
8 24 2 
8 25 3 
8 26 2 
8 27 4 
8 28 3 
8 29 4 
8 30 3 
8 31 4 
8 32 6 
8 33 6 
8 34 4 
8 35 3 
8 36 5 
8 37 3 
8 38 3 
8 39 4 
8 40 5 
8 41 4 
8 42 3 
8 43 5 
8 44 3 
8 45 4 
8 46 3 
8 47 3 
8 48 4 
8 49 3 
8 50 3 
8 51 5 
8 52 2 
8 53 4 
8 54 5 
8 55 3 
8 56 5 
8 57 5 
8 58 2 
8 59 3 
8 60 4 
8 61 6 
8 62 4 
8 63 2 
8 64 5 
8 65 3 
8 66 4 
8 67 2 
8 68 4 
8 69 3 
8 70 4 
8 71 5 
8 72 4 
8 73 5 
8 74 2 
8 75 5 
8 76 6 
8 77 5 
8 78 5 
8 79 3 
8 80 2 
8 81 2 
8 82 3 
8 83 5 
8 84 3 
8 85 3 
8 86 4 
8 87 6 
8 88 5 
8 89 5 
8 90 5 
8 91 2 
8 92 6 
8 93 6 
8 94 3 
8 95 2 
8 96 4 
8 97 5 
8 98 5 
8 99 4 
9 0 1 
9 1 2 
9 2 3 
9 3 4 
9 4 2 
9 5 2 
9 6 2 
9 7 4 
9 8 4 
9 9 0 
9 10 3 
9 11 5 
9 12 5 
9 13 2 
9 14 3 
9 15 6 
9 16 5 
9 17 4 
9 18 4 
9 19 7 
9 20 5 
9 21 4 
9 22 4 
9 23 4 
9 24 4 
9 25 3 
9 26 4 
9 27 6 
9 28 5 
9 29 4 
9 30 5 
9 31 2 
9 32 8 
9 33 8 
9 34 2 
9 35 5 
9 36 7 
9 37 5 
9 38 3 
9 39 6 
9 40 5 
9 41 6 
9 42 5 
9 43 3 
9 44 5 
9 45 6 
9 46 3 
9 47 5 
9 48 4 
9 49 5 
9 50 3 
9 51 3 
9 52 4 
9 53 4 
9 54 3 
9 55 5 
9 56 3 
9 57 7 
9 58 4 
9 59 3 
9 60 6 
9 61 4 
9 62 4 
9 63 4 
9 64 7 
9 65 5 
9 66 2 
9 67 4 
9 68 6 
9 69 5 
9 70 4 
9 71 3 
9 72 4 
9 73 7 
9 74 4 
9 75 3 
9 76 8 
9 77 5 
9 78 7 
9 79 3 
9 80 4 
9 81 4 
9 82 3 
9 83 3 
9 84 3 
9 85 3 
9 86 4 
9 87 4 
9 88 5 
9 89 7 
9 90 7 
9 91 4 
9 92 8 
9 93 8 
9 94 3 
9 95 4 
9 96 6 
9 97 7 
9 98 5 
9 99 4 
10 0 2 
10 1 1 
10 2 2 
10 3 3 
10 4 3 
10 5 3 
10 6 3 
10 7 3 
10 8 3 
10 9 3 
10 10 0 
10 11 4 
10 12 4 
10 13 3 
10 14 2 
10 15 5 
10 16 4 
10 17 3 
10 18 3 
10 19 6 
10 20 4 
10 21 3 
10 22 1 
10 23 3 
10 24 3 
10 25 2 
10 26 3 
10 27 5 
10 28 4 
10 29 3 
10 30 4 
10 31 3 
10 32 7 
10 33 7 
10 34 3 
10 35 4 
10 36 6 
10 37 4 
10 38 2 
10 39 5 
10 40 2 
10 41 5 
10 42 4 
10 43 4 
10 44 4 
10 45 5 
10 46 2 
10 47 4 
10 48 3 
10 49 4 
10 50 2 
10 51 4 
10 52 3 
10 53 3 
10 54 4 
10 55 4 
10 56 4 
10 57 6 
10 58 3 
10 59 2 
10 60 5 
10 61 5 
10 62 3 
10 63 3 
10 64 6 
10 65 4 
10 66 3 
10 67 3 
10 68 5 
10 69 4 
10 70 1 
10 71 4 
10 72 3 
10 73 6 
10 74 3 
10 75 4 
10 76 7 
10 77 4 
10 78 6 
10 79 2 
10 80 3 
10 81 3 
10 82 2 
10 83 4 
10 84 2 
10 85 2 
10 86 3 
10 87 5 
10 88 4 
10 89 6 
10 90 6 
10 91 3 
10 92 7 
10 93 7 
10 94 2 
10 95 3 
10 96 5 
10 97 6 
10 98 4 
10 99 3 
11 0 4 
11 1 3 
11 2 2 
11 3 1 
11 4 5 
11 5 5 
11 6 5 
11 7 3 
11 8 3 
11 9 5 
11 10 4 
11 11 0 
11 12 4 
11 13 5 
11 14 4 
11 15 5 
11 16 2 
11 17 3 
11 18 3 
11 19 6 
11 20 4 
11 21 3 
11 22 5 
11 23 3 
11 24 3 
11 25 4 
11 26 3 
11 27 3 
11 28 4 
11 29 5 
11 30 4 
11 31 5 
11 32 7 
11 33 7 
11 34 5 
11 35 4 
11 36 4 
11 37 4 
11 38 4 
11 39 5 
11 40 6 
11 41 5 
11 42 4 
11 43 6 
11 44 2 
11 45 5 
11 46 4 
11 47 2 
11 48 5 
11 49 4 
11 50 4 
11 51 6 
11 52 3 
11 53 5 
11 54 6 
11 55 4 
11 56 6 
11 57 6 
11 58 3 
11 59 4 
11 60 5 
11 61 7 
11 62 5 
11 63 3 
11 64 6 
11 65 2 
11 66 5 
11 67 3 
11 68 1 
11 69 4 
11 70 5 
11 71 6 
11 72 5 
11 73 6 
11 74 3 
11 75 6 
11 76 7 
11 77 6 
11 78 6 
11 79 4 
11 80 3 
11 81 3 
11 82 4 
11 83 6 
11 84 4 
11 85 4 
11 86 5 
11 87 7 
11 88 6 
11 89 6 
11 90 6 
11 91 3 
11 92 7 
11 93 7 
11 94 4 
11 95 3 
11 96 3 
11 97 4 
11 98 6 
11 99 5 
12 0 4 
12 1 3 
12 2 2 
12 3 3 
12 4 5 
12 5 5 
12 6 5 
12 7 1 
12 8 3 
12 9 5 
12 10 4 
12 11 4 
12 12 0 
12 13 5 
12 14 4 
12 15 1 
12 16 4 
12 17 3 
12 18 3 
12 19 2 
12 20 4 
12 21 3 
12 22 5 
12 23 3 
12 24 3 
12 25 4 
12 26 3 
12 27 5 
12 28 4 
12 29 5 
12 30 4 
12 31 5 
12 32 3 
12 33 3 
12 34 5 
12 35 4 
12 36 6 
12 37 4 
12 38 4 
12 39 1 
12 40 6 
12 41 1 
12 42 4 
12 43 6 
12 44 4 
12 45 1 
12 46 4 
12 47 4 
12 48 5 
12 49 4 
12 50 4 
12 51 6 
12 52 3 
12 53 5 
12 54 6 
12 55 4 
12 56 6 
12 57 2 
12 58 3 
12 59 4 
12 60 5 
12 61 7 
12 62 5 
12 63 3 
12 64 2 
12 65 4 
12 66 5 
12 67 3 
12 68 5 
12 69 2 
12 70 5 
12 71 6 
12 72 5 
12 73 2 
12 74 3 
12 75 6 
12 76 3 
12 77 6 
12 78 2 
12 79 4 
12 80 3 
12 81 3 
12 82 4 
12 83 6 
12 84 4 
12 85 4 
12 86 5 
12 87 7 
12 88 6 
12 89 2 
12 90 2 
12 91 3 
12 92 3 
12 93 3 
12 94 4 
12 95 3 
12 96 5 
12 97 6 
12 98 6 
12 99 5 
13 0 1 
13 1 2 
13 2 3 
13 3 4 
13 4 2 
13 5 2 
13 6 2 
13 7 4 
13 8 4 
13 9 2 
13 10 3 
13 11 5 
13 12 5 
13 13 0 
13 14 3 
13 15 6 
13 16 5 
13 17 4 
13 18 4 
13 19 7 
13 20 5 
13 21 4 
13 22 4 
13 23 4 
13 24 4 
13 25 3 
13 26 4 
13 27 6 
13 28 5 
13 29 4 
13 30 5 
13 31 2 
13 32 8 
13 33 8 
13 34 2 
13 35 5 
13 36 7 
13 37 5 
13 38 3 
13 39 6 
13 40 5 
13 41 6 
13 42 5 
13 43 1 
13 44 5 
13 45 6 
13 46 3 
13 47 5 
13 48 4 
13 49 5 
13 50 3 
13 51 3 
13 52 4 
13 53 4 
13 54 3 
13 55 5 
13 56 3 
13 57 7 
13 58 4 
13 59 3 
13 60 6 
13 61 4 
13 62 4 
13 63 4 
13 64 7 
13 65 5 
13 66 2 
13 67 4 
13 68 6 
13 69 5 
13 70 4 
13 71 1 
13 72 4 
13 73 7 
13 74 4 
13 75 3 
13 76 8 
13 77 5 
13 78 7 
13 79 3 
13 80 4 
13 81 4 
13 82 3 
13 83 3 
13 84 3 
13 85 3 
13 86 4 
13 87 4 
13 88 5 
13 89 7 
13 90 7 
13 91 4 
13 92 8 
13 93 8 
13 94 3 
13 95 4 
13 96 6 
13 97 7 
13 98 5 
13 99 4 
14 0 2 
14 1 1 
14 2 2 
14 3 3 
14 4 3 
14 5 3 
14 6 3 
14 7 3 
14 8 3 
14 9 3 
14 10 2 
14 11 4 
14 12 4 
14 13 3 
14 14 0 
14 15 5 
14 16 4 
14 17 3 
14 18 3 
14 19 6 
14 20 4 
14 21 3 
14 22 3 
14 23 3 
14 24 3 
14 25 2 
14 26 3 
14 27 5 
14 28 4 
14 29 3 
14 30 4 
14 31 3 
14 32 7 
14 33 7 
14 34 3 
14 35 4 
14 36 6 
14 37 4 
14 38 2 
14 39 5 
14 40 4 
14 41 5 
14 42 4 
14 43 4 
14 44 4 
14 45 5 
14 46 2 
14 47 4 
14 48 3 
14 49 4 
14 50 2 
14 51 4 
14 52 3 
14 53 3 
14 54 4 
14 55 4 
14 56 4 
14 57 6 
14 58 3 
14 59 2 
14 60 5 
14 61 5 
14 62 3 
14 63 3 
14 64 6 
14 65 4 
14 66 3 
14 67 3 
14 68 5 
14 69 4 
14 70 3 
14 71 4 
14 72 3 
14 73 6 
14 74 3 
14 75 4 
14 76 7 
14 77 4 
14 78 6 
14 79 2 
14 80 3 
14 81 3 
14 82 2 
14 83 4 
14 84 2 
14 85 2 
14 86 3 
14 87 5 
14 88 4 
14 89 6 
14 90 6 
14 91 3 
14 92 7 
14 93 7 
14 94 2 
14 95 3 
14 96 5 
14 97 6 
14 98 4 
14 99 3 
15 0 5 
15 1 4 
15 2 3 
15 3 4 
15 4 6 
15 5 6 
15 6 6 
15 7 2 
15 8 4 
15 9 6 
15 10 5 
15 11 5 
15 12 1 
15 13 6 
15 14 5 
15 15 0 
15 16 5 
15 17 4 
15 18 4 
15 19 1 
15 20 5 
15 21 4 
15 22 6 
15 23 4 
15 24 4 
15 25 5 
15 26 4 
15 27 6 
15 28 5 
15 29 6 
15 30 5 
15 31 6 
15 32 2 
15 33 2 
15 34 6 
15 35 5 
15 36 7 
15 37 5 
15 38 5 
15 39 2 
15 40 7 
15 41 2 
15 42 5 
15 43 7 
15 44 5 
15 45 2 
15 46 5 
15 47 5 
15 48 6 
15 49 5 
15 50 5 
15 51 7 
15 52 4 
15 53 6 
15 54 7 
15 55 5 
15 56 7 
15 57 3 
15 58 4 
15 59 5 
15 60 6 
15 61 8 
15 62 6 
15 63 4 
15 64 1 
15 65 5 
15 66 6 
15 67 4 
15 68 6 
15 69 3 
15 70 6 
15 71 7 
15 72 6 
15 73 3 
15 74 4 
15 75 7 
15 76 2 
15 77 7 
15 78 3 
15 79 5 
15 80 4 
15 81 4 
15 82 5 
15 83 7 
15 84 5 
15 85 5 
15 86 6 
15 87 8 
15 88 7 
15 89 3 
15 90 1 
15 91 4 
15 92 2 
15 93 4 
15 94 5 
15 95 4 
15 96 6 
15 97 7 
15 98 7 
15 99 6 
16 0 4 
16 1 3 
16 2 2 
16 3 1 
16 4 5 
16 5 5 
16 6 5 
16 7 3 
16 8 3 
16 9 5 
16 10 4 
16 11 2 
16 12 4 
16 13 5 
16 14 4 
16 15 5 
16 16 0 
16 17 3 
16 18 3 
16 19 6 
16 20 4 
16 21 3 
16 22 5 
16 23 3 
16 24 3 
16 25 4 
16 26 3 
16 27 1 
16 28 4 
16 29 5 
16 30 4 
16 31 5 
16 32 7 
16 33 7 
16 34 5 
16 35 4 
16 36 2 
16 37 4 
16 38 4 
16 39 5 
16 40 6 
16 41 5 
16 42 4 
16 43 6 
16 44 2 
16 45 5 
16 46 4 
16 47 2 
16 48 5 
16 49 4 
16 50 4 
16 51 6 
16 52 3 
16 53 5 
16 54 6 
16 55 4 
16 56 6 
16 57 6 
16 58 3 
16 59 4 
16 60 5 
16 61 7 
16 62 5 
16 63 3 
16 64 6 
16 65 2 
16 66 5 
16 67 3 
16 68 3 
16 69 4 
16 70 5 
16 71 6 
16 72 5 
16 73 6 
16 74 3 
16 75 6 
16 76 7 
16 77 6 
16 78 6 
16 79 4 
16 80 3 
16 81 3 
16 82 4 
16 83 6 
16 84 4 
16 85 4 
16 86 5 
16 87 7 
16 88 6 
16 89 6 
16 90 6 
16 91 3 
16 92 7 
16 93 7 
16 94 4 
16 95 3 
16 96 1 
16 97 2 
16 98 6 
16 99 5 
17 0 3 
17 1 2 
17 2 1 
17 3 2 
17 4 4 
17 5 4 
17 6 4 
17 7 2 
17 8 2 
17 9 4 
17 10 3 
17 11 3 
17 12 3 
17 13 4 
17 14 3 
17 15 4 
17 16 3 
17 17 0 
17 18 2 
17 19 5 
17 20 3 
17 21 2 
17 22 4 
17 23 2 
17 24 2 
17 25 3 
17 26 2 
17 27 4 
17 28 3 
17 29 4 
17 30 3 
17 31 4 
17 32 6 
17 33 6 
17 34 4 
17 35 3 
17 36 5 
17 37 3 
17 38 3 
17 39 4 
17 40 5 
17 41 4 
17 42 3 
17 43 5 
17 44 3 
17 45 4 
17 46 3 
17 47 3 
17 48 4 
17 49 3 
17 50 3 
17 51 5 
17 52 2 
17 53 4 
17 54 5 
17 55 1 
17 56 5 
17 57 5 
17 58 2 
17 59 3 
17 60 4 
17 61 6 
17 62 4 
17 63 2 
17 64 5 
17 65 3 
17 66 4 
17 67 2 
17 68 4 
17 69 3 
17 70 4 
17 71 5 
17 72 4 
17 73 5 
17 74 2 
17 75 5 
17 76 6 
17 77 5 
17 78 5 
17 79 3 
17 80 2 
17 81 2 
17 82 3 
17 83 5 
17 84 3 
17 85 3 
17 86 4 
17 87 6 
17 88 5 
17 89 5 
17 90 5 
17 91 2 
17 92 6 
17 93 6 
17 94 3 
17 95 2 
17 96 4 
17 97 5 
17 98 5 
17 99 4 
18 0 3 
18 1 2 
18 2 1 
18 3 2 
18 4 4 
18 5 4 
18 6 4 
18 7 2 
18 8 2 
18 9 4 
18 10 3 
18 11 3 
18 12 3 
18 13 4 
18 14 3 
18 15 4 
18 16 3 
18 17 2 
18 18 0 
18 19 5 
18 20 1 
18 21 2 
18 22 4 
18 23 2 
18 24 2 
18 25 3 
18 26 2 
18 27 4 
18 28 1 
18 29 4 
18 30 3 
18 31 4 
18 32 6 
18 33 6 
18 34 4 
18 35 3 
18 36 5 
18 37 1 
18 38 3 
18 39 4 
18 40 5 
18 41 4 
18 42 3 
18 43 5 
18 44 3 
18 45 4 
18 46 3 
18 47 3 
18 48 4 
18 49 3 
18 50 3 
18 51 5 
18 52 2 
18 53 4 
18 54 5 
18 55 3 
18 56 5 
18 57 5 
18 58 2 
18 59 3 
18 60 2 
18 61 6 
18 62 4 
18 63 2 
18 64 5 
18 65 3 
18 66 4 
18 67 2 
18 68 4 
18 69 3 
18 70 4 
18 71 5 
18 72 4 
18 73 5 
18 74 2 
18 75 5 
18 76 6 
18 77 5 
18 78 5 
18 79 3 
18 80 2 
18 81 2 
18 82 3 
18 83 5 
18 84 3 
18 85 3 
18 86 4 
18 87 6 
18 88 5 
18 89 5 
18 90 5 
18 91 2 
18 92 6 
18 93 6 
18 94 3 
18 95 2 
18 96 4 
18 97 5 
18 98 5 
18 99 4 
19 0 6 
19 1 5 
19 2 4 
19 3 5 
19 4 7 
19 5 7 
19 6 7 
19 7 3 
19 8 5 
19 9 7 
19 10 6 
19 11 6 
19 12 2 
19 13 7 
19 14 6 
19 15 1 
19 16 6 
19 17 5 
19 18 5 
19 19 0 
19 20 6 
19 21 5 
19 22 7 
19 23 5 
19 24 5 
19 25 6 
19 26 5 
19 27 7 
19 28 6 
19 29 7 
19 30 6 
19 31 7 
19 32 1 
19 33 1 
19 34 7 
19 35 6 
19 36 8 
19 37 6 
19 38 6 
19 39 3 
19 40 8 
19 41 3 
19 42 6 
19 43 8 
19 44 6 
19 45 3 
19 46 6 
19 47 6 
19 48 7 
19 49 6 
19 50 6 
19 51 8 
19 52 5 
19 53 7 
19 54 8 
19 55 6 
19 56 8 
19 57 4 
19 58 5 
19 59 6 
19 60 7 
19 61 9 
19 62 7 
19 63 5 
19 64 2 
19 65 6 
19 66 7 
19 67 5 
19 68 7 
19 69 4 
19 70 7 
19 71 8 
19 72 7 
19 73 4 
19 74 5 
19 75 8 
19 76 3 
19 77 8 
19 78 4 
19 79 6 
19 80 5 
19 81 5 
19 82 6 
19 83 8 
19 84 6 
19 85 6 
19 86 7 
19 87 9 
19 88 8 
19 89 4 
19 90 2 
19 91 5 
19 92 3 
19 93 5 
19 94 6 
19 95 5 
19 96 7 
19 97 8 
19 98 8 
19 99 7 
20 0 4 
20 1 3 
20 2 2 
20 3 3 
20 4 5 
20 5 5 
20 6 5 
20 7 3 
20 8 3 
20 9 5 
20 10 4 
20 11 4 
20 12 4 
20 13 5 
20 14 4 
20 15 5 
20 16 4 
20 17 3 
20 18 1 
20 19 6 
20 20 0 
20 21 3 
20 22 5 
20 23 3 
20 24 3 
20 25 4 
20 26 3 
20 27 5 
20 28 2 
20 29 5 
20 30 4 
20 31 5 
20 32 7 
20 33 7 
20 34 5 
20 35 4 
20 36 6 
20 37 2 
20 38 4 
20 39 5 
20 40 6 
20 41 5 
20 42 4 
20 43 6 
20 44 4 
20 45 5 
20 46 4 
20 47 4 
20 48 5 
20 49 4 
20 50 4 
20 51 6 
20 52 3 
20 53 5 
20 54 6 
20 55 4 
20 56 6 
20 57 6 
20 58 3 
20 59 4 
20 60 3 
20 61 7 
20 62 5 
20 63 3 
20 64 6 
20 65 4 
20 66 5 
20 67 3 
20 68 5 
20 69 4 
20 70 5 
20 71 6 
20 72 5 
20 73 6 
20 74 3 
20 75 6 
20 76 7 
20 77 6 
20 78 6 
20 79 4 
20 80 3 
20 81 3 
20 82 4 
20 83 6 
20 84 4 
20 85 4 
20 86 5 
20 87 7 
20 88 6 
20 89 6 
20 90 6 
20 91 3 
20 92 7 
20 93 7 
20 94 4 
20 95 3 
20 96 5 
20 97 6 
20 98 6 
20 99 5 
21 0 3 
21 1 2 
21 2 1 
21 3 2 
21 4 4 
21 5 4 
21 6 4 
21 7 2 
21 8 2 
21 9 4 
21 10 3 
21 11 3 
21 12 3 
21 13 4 
21 14 3 
21 15 4 
21 16 3 
21 17 2 
21 18 2 
21 19 5 
21 20 3 
21 21 0 
21 22 4 
21 23 2 
21 24 2 
21 25 3 
21 26 2 
21 27 4 
21 28 3 
21 29 4 
21 30 3 
21 31 4 
21 32 6 
21 33 6 
21 34 4 
21 35 3 
21 36 5 
21 37 3 
21 38 3 
21 39 4 
21 40 5 
21 41 4 
21 42 3 
21 43 5 
21 44 3 
21 45 4 
21 46 3 
21 47 3 
21 48 4 
21 49 3 
21 50 3 
21 51 5 
21 52 2 
21 53 4 
21 54 5 
21 55 3 
21 56 5 
21 57 5 
21 58 2 
21 59 3 
21 60 4 
21 61 6 
21 62 4 
21 63 2 
21 64 5 
21 65 3 
21 66 4 
21 67 2 
21 68 4 
21 69 3 
21 70 4 
21 71 5 
21 72 4 
21 73 5 
21 74 2 
21 75 5 
21 76 6 
21 77 5 
21 78 5 
21 79 3 
21 80 2 
21 81 2 
21 82 3 
21 83 5 
21 84 3 
21 85 3 
21 86 4 
21 87 6 
21 88 5 
21 89 5 
21 90 5 
21 91 2 
21 92 6 
21 93 6 
21 94 3 
21 95 2 
21 96 4 
21 97 5 
21 98 5 
21 99 4 
22 0 3 
22 1 2 
22 2 3 
22 3 4 
22 4 4 
22 5 4 
22 6 4 
22 7 4 
22 8 4 
22 9 4 
22 10 1 
22 11 5 
22 12 5 
22 13 4 
22 14 3 
22 15 6 
22 16 5 
22 17 4 
22 18 4 
22 19 7 
22 20 5 
22 21 4 
22 22 0 
22 23 4 
22 24 4 
22 25 3 
22 26 4 
22 27 6 
22 28 5 
22 29 4 
22 30 5 
22 31 4 
22 32 8 
22 33 8 
22 34 4 
22 35 5 
22 36 7 
22 37 5 
22 38 3 
22 39 6 
22 40 1 
22 41 6 
22 42 5 
22 43 5 
22 44 5 
22 45 6 
22 46 3 
22 47 5 
22 48 4 
22 49 5 
22 50 3 
22 51 5 
22 52 4 
22 53 4 
22 54 5 
22 55 5 
22 56 5 
22 57 7 
22 58 4 
22 59 3 
22 60 6 
22 61 6 
22 62 4 
22 63 4 
22 64 7 
22 65 5 
22 66 4 
22 67 4 
22 68 6 
22 69 5 
22 70 2 
22 71 5 
22 72 4 
22 73 7 
22 74 4 
22 75 5 
22 76 8 
22 77 5 
22 78 7 
22 79 3 
22 80 4 
22 81 4 
22 82 3 
22 83 5 
22 84 3 
22 85 3 
22 86 4 
22 87 6 
22 88 5 
22 89 7 
22 90 7 
22 91 4 
22 92 8 
22 93 8 
22 94 3 
22 95 4 
22 96 6 
22 97 7 
22 98 5 
22 99 4 
23 0 3 
23 1 2 
23 2 1 
23 3 2 
23 4 4 
23 5 4 
23 6 4 
23 7 2 
23 8 2 
23 9 4 
23 10 3 
23 11 3 
23 12 3 
23 13 4 
23 14 3 
23 15 4 
23 16 3 
23 17 2 
23 18 2 
23 19 5 
23 20 3 
23 21 2 
23 22 4 
23 23 0 
23 24 2 
23 25 3 
23 26 2 
23 27 4 
23 28 3 
23 29 4 
23 30 3 
23 31 4 
23 32 6 
23 33 6 
23 34 4 
23 35 3 
23 36 5 
23 37 3 
23 38 3 
23 39 4 
23 40 5 
23 41 4 
23 42 3 
23 43 5 
23 44 3 
23 45 4 
23 46 3 
23 47 3 
23 48 4 
23 49 3 
23 50 3 
23 51 5 
23 52 2 
23 53 4 
23 54 5 
23 55 3 
23 56 5 
23 57 5 
23 58 2 
23 59 3 
23 60 4 
23 61 6 
23 62 4 
23 63 2 
23 64 5 
23 65 3 
23 66 4 
23 67 2 
23 68 4 
23 69 3 
23 70 4 
23 71 5 
23 72 4 
23 73 5 
23 74 2 
23 75 5 
23 76 6 
23 77 5 
23 78 5 
23 79 3 
23 80 2 
23 81 2 
23 82 3 
23 83 5 
23 84 3 
23 85 3 
23 86 4 
23 87 6 
23 88 5 
23 89 5 
23 90 5 
23 91 2 
23 92 6 
23 93 6 
23 94 3 
23 95 2 
23 96 4 
23 97 5 
23 98 5 
23 99 4 
24 0 3 
24 1 2 
24 2 1 
24 3 2 
24 4 4 
24 5 4 
24 6 4 
24 7 2 
24 8 2 
24 9 4 
24 10 3 
24 11 3 
24 12 3 
24 13 4 
24 14 3 
24 15 4 
24 16 3 
24 17 2 
24 18 2 
24 19 5 
24 20 3 
24 21 2 
24 22 4 
24 23 2 
24 24 0 
24 25 3 
24 26 2 
24 27 4 
24 28 3 
24 29 4 
24 30 3 
24 31 4 
24 32 6 
24 33 6 
24 34 4 
24 35 3 
24 36 5 
24 37 3 
24 38 3 
24 39 4 
24 40 5 
24 41 4 
24 42 1 
24 43 5 
24 44 3 
24 45 4 
24 46 3 
24 47 3 
24 48 4 
24 49 1 
24 50 3 
24 51 5 
24 52 2 
24 53 4 
24 54 5 
24 55 3 
24 56 5 
24 57 5 
24 58 2 
24 59 3 
24 60 4 
24 61 6 
24 62 4 
24 63 2 
24 64 5 
24 65 3 
24 66 4 
24 67 2 
24 68 4 
24 69 3 
24 70 4 
24 71 5 
24 72 4 
24 73 5 
24 74 2 
24 75 5 
24 76 6 
24 77 5 
24 78 5 
24 79 3 
24 80 2 
24 81 2 
24 82 3 
24 83 5 
24 84 3 
24 85 3 
24 86 4 
24 87 6 
24 88 5 
24 89 5 
24 90 5 
24 91 2 
24 92 6 
24 93 6 
24 94 3 
24 95 2 
24 96 4 
24 97 5 
24 98 5 
24 99 4 
25 0 2 
25 1 1 
25 2 2 
25 3 3 
25 4 3 
25 5 3 
25 6 3 
25 7 3 
25 8 3 
25 9 3 
25 10 2 
25 11 4 
25 12 4 
25 13 3 
25 14 2 
25 15 5 
25 16 4 
25 17 3 
25 18 3 
25 19 6 
25 20 4 
25 21 3 
25 22 3 
25 23 3 
25 24 3 
25 25 0 
25 26 3 
25 27 5 
25 28 4 
25 29 1 
25 30 4 
25 31 3 
25 32 7 
25 33 7 
25 34 3 
25 35 4 
25 36 6 
25 37 4 
25 38 2 
25 39 5 
25 40 4 
25 41 5 
25 42 4 
25 43 4 
25 44 4 
25 45 5 
25 46 2 
25 47 4 
25 48 3 
25 49 4 
25 50 2 
25 51 4 
25 52 3 
25 53 3 
25 54 4 
25 55 4 
25 56 4 
25 57 6 
25 58 3 
25 59 2 
25 60 5 
25 61 5 
25 62 1 
25 63 3 
25 64 6 
25 65 4 
25 66 3 
25 67 3 
25 68 5 
25 69 4 
25 70 3 
25 71 4 
25 72 1 
25 73 6 
25 74 3 
25 75 4 
25 76 7 
25 77 2 
25 78 6 
25 79 2 
25 80 3 
25 81 3 
25 82 2 
25 83 4 
25 84 2 
25 85 2 
25 86 1 
25 87 5 
25 88 4 
25 89 6 
25 90 6 
25 91 3 
25 92 7 
25 93 7 
25 94 2 
25 95 3 
25 96 5 
25 97 6 
25 98 4 
25 99 3 
26 0 3 
26 1 2 
26 2 1 
26 3 2 
26 4 4 
26 5 4 
26 6 4 
26 7 2 
26 8 2 
26 9 4 
26 10 3 
26 11 3 
26 12 3 
26 13 4 
26 14 3 
26 15 4 
26 16 3 
26 17 2 
26 18 2 
26 19 5 
26 20 3 
26 21 2 
26 22 4 
26 23 2 
26 24 2 
26 25 3 
26 26 0 
26 27 4 
26 28 3 
26 29 4 
26 30 1 
26 31 4 
26 32 6 
26 33 6 
26 34 4 
26 35 1 
26 36 5 
26 37 3 
26 38 3 
26 39 4 
26 40 5 
26 41 4 
26 42 3 
26 43 5 
26 44 3 
26 45 4 
26 46 3 
26 47 3 
26 48 4 
26 49 3 
26 50 3 
26 51 5 
26 52 2 
26 53 4 
26 54 5 
26 55 3 
26 56 5 
26 57 5 
26 58 2 
26 59 3 
26 60 4 
26 61 6 
26 62 4 
26 63 2 
26 64 5 
26 65 3 
26 66 4 
26 67 2 
26 68 4 
26 69 3 
26 70 4 
26 71 5 
26 72 4 
26 73 5 
26 74 2 
26 75 5 
26 76 6 
26 77 5 
26 78 5 
26 79 3 
26 80 2 
26 81 2 
26 82 3 
26 83 5 
26 84 3 
26 85 3 
26 86 4 
26 87 6 
26 88 5 
26 89 5 
26 90 5 
26 91 2 
26 92 6 
26 93 6 
26 94 3 
26 95 2 
26 96 4 
26 97 5 
26 98 5 
26 99 4 
27 0 5 
27 1 4 
27 2 3 
27 3 2 
27 4 6 
27 5 6 
27 6 6 
27 7 4 
27 8 4 
27 9 6 
27 10 5 
27 11 3 
27 12 5 
27 13 6 
27 14 5 
27 15 6 
27 16 1 
27 17 4 
27 18 4 
27 19 7 
27 20 5 
27 21 4 
27 22 6 
27 23 4 
27 24 4 
27 25 5 
27 26 4 
27 27 0 
27 28 5 
27 29 6 
27 30 5 
27 31 6 
27 32 8 
27 33 8 
27 34 6 
27 35 5 
27 36 1 
27 37 5 
27 38 5 
27 39 6 
27 40 7 
27 41 6 
27 42 5 
27 43 7 
27 44 3 
27 45 6 
27 46 5 
27 47 3 
27 48 6 
27 49 5 
27 50 5 
27 51 7 
27 52 4 
27 53 6 
27 54 7 
27 55 5 
27 56 7 
27 57 7 
27 58 4 
27 59 5 
27 60 6 
27 61 8 
27 62 6 
27 63 4 
27 64 7 
27 65 3 
27 66 6 
27 67 4 
27 68 4 
27 69 5 
27 70 6 
27 71 7 
27 72 6 
27 73 7 
27 74 4 
27 75 7 
27 76 8 
27 77 7 
27 78 7 
27 79 5 
27 80 4 
27 81 4 
27 82 5 
27 83 7 
27 84 5 
27 85 5 
27 86 6 
27 87 8 
27 88 7 
27 89 7 
27 90 7 
27 91 4 
27 92 8 
27 93 8 
27 94 5 
27 95 4 
27 96 2 
27 97 1 
27 98 7 
27 99 6 
28 0 4 
28 1 3 
28 2 2 
28 3 3 
28 4 5 
28 5 5 
28 6 5 
28 7 3 
28 8 3 
28 9 5 
28 10 4 
28 11 4 
28 12 4 
28 13 5 
28 14 4 
28 15 5 
28 16 4 
28 17 3 
28 18 1 
28 19 6 
28 20 2 
28 21 3 
28 22 5 
28 23 3 
28 24 3 
28 25 4 
28 26 3 
28 27 5 
28 28 0 
28 29 5 
28 30 4 
28 31 5 
28 32 7 
28 33 7 
28 34 5 
28 35 4 
28 36 6 
28 37 2 
28 38 4 
28 39 5 
28 40 6 
28 41 5 
28 42 4 
28 43 6 
28 44 4 
28 45 5 
28 46 4 
28 47 4 
28 48 5 
28 49 4 
28 50 4 
28 51 6 
28 52 3 
28 53 5 
28 54 6 
28 55 4 
28 56 6 
28 57 6 
28 58 3 
28 59 4 
28 60 3 
28 61 7 
28 62 5 
28 63 3 
28 64 6 
28 65 4 
28 66 5 
28 67 3 
28 68 5 
28 69 4 
28 70 5 
28 71 6 
28 72 5 
28 73 6 
28 74 3 
28 75 6 
28 76 7 
28 77 6 
28 78 6 
28 79 4 
28 80 3 
28 81 3 
28 82 4 
28 83 6 
28 84 4 
28 85 4 
28 86 5 
28 87 7 
28 88 6 
28 89 6 
28 90 6 
28 91 3 
28 92 7 
28 93 7 
28 94 4 
28 95 3 
28 96 5 
28 97 6 
28 98 6 
28 99 5 
29 0 3 
29 1 2 
29 2 3 
29 3 4 
29 4 4 
29 5 4 
29 6 4 
29 7 4 
29 8 4 
29 9 4 
29 10 3 
29 11 5 
29 12 5 
29 13 4 
29 14 3 
29 15 6 
29 16 5 
29 17 4 
29 18 4 
29 19 7 
29 20 5 
29 21 4 
29 22 4 
29 23 4 
29 24 4 
29 25 1 
29 26 4 
29 27 6 
29 28 5 
29 29 0 
29 30 5 
29 31 4 
29 32 8 
29 33 8 
29 34 4 
29 35 5 
29 36 7 
29 37 5 
29 38 3 
29 39 6 
29 40 5 
29 41 6 
29 42 5 
29 43 5 
29 44 5 
29 45 6 
29 46 3 
29 47 5 
29 48 4 
29 49 5 
29 50 3 
29 51 5 
29 52 4 
29 53 4 
29 54 5 
29 55 5 
29 56 5 
29 57 7 
29 58 4 
29 59 3 
29 60 6 
29 61 6 
29 62 2 
29 63 4 
29 64 7 
29 65 5 
29 66 4 
29 67 4 
29 68 6 
29 69 5 
29 70 4 
29 71 5 
29 72 2 
29 73 7 
29 74 4 
29 75 5 
29 76 8 
29 77 1 
29 78 7 
29 79 3 
29 80 4 
29 81 4 
29 82 3 
29 83 5 
29 84 3 
29 85 3 
29 86 2 
29 87 6 
29 88 5 
29 89 7 
29 90 7 
29 91 4 
29 92 8 
29 93 8 
29 94 3 
29 95 4 
29 96 6 
29 97 7 
29 98 5 
29 99 4 
30 0 4 
30 1 3 
30 2 2 
30 3 3 
30 4 5 
30 5 5 
30 6 5 
30 7 3 
30 8 3 
30 9 5 
30 10 4 
30 11 4 
30 12 4 
30 13 5 
30 14 4 
30 15 5 
30 16 4 
30 17 3 
30 18 3 
30 19 6 
30 20 4 
30 21 3 
30 22 5 
30 23 3 
30 24 3 
30 25 4 
30 26 1 
30 27 5 
30 28 4 
30 29 5 
30 30 0 
30 31 5 
30 32 7 
30 33 7 
30 34 5 
30 35 2 
30 36 6 
30 37 4 
30 38 4 
30 39 5 
30 40 6 
30 41 5 
30 42 4 
30 43 6 
30 44 4 
30 45 5 
30 46 4 
30 47 4 
30 48 5 
30 49 4 
30 50 4 
30 51 6 
30 52 3 
30 53 5 
30 54 6 
30 55 4 
30 56 6 
30 57 6 
30 58 3 
30 59 4 
30 60 5 
30 61 7 
30 62 5 
30 63 3 
30 64 6 
30 65 4 
30 66 5 
30 67 3 
30 68 5 
30 69 4 
30 70 5 
30 71 6 
30 72 5 
30 73 6 
30 74 3 
30 75 6 
30 76 7 
30 77 6 
30 78 6 
30 79 4 
30 80 3 
30 81 3 
30 82 4 
30 83 6 
30 84 4 
30 85 4 
30 86 5 
30 87 7 
30 88 6 
30 89 6 
30 90 6 
30 91 3 
30 92 7 
30 93 7 
30 94 4 
30 95 3 
30 96 5 
30 97 6 
30 98 6 
30 99 5 
31 0 1 
31 1 2 
31 2 3 
31 3 4 
31 4 2 
31 5 2 
31 6 2 
31 7 4 
31 8 4 
31 9 2 
31 10 3 
31 11 5 
31 12 5 
31 13 2 
31 14 3 
31 15 6 
31 16 5 
31 17 4 
31 18 4 
31 19 7 
31 20 5 
31 21 4 
31 22 4 
31 23 4 
31 24 4 
31 25 3 
31 26 4 
31 27 6 
31 28 5 
31 29 4 
31 30 5 
31 31 0 
31 32 8 
31 33 8 
31 34 2 
31 35 5 
31 36 7 
31 37 5 
31 38 3 
31 39 6 
31 40 5 
31 41 6 
31 42 5 
31 43 3 
31 44 5 
31 45 6 
31 46 3 
31 47 5 
31 48 4 
31 49 5 
31 50 3 
31 51 3 
31 52 4 
31 53 4 
31 54 3 
31 55 5 
31 56 3 
31 57 7 
31 58 4 
31 59 3 
31 60 6 
31 61 4 
31 62 4 
31 63 4 
31 64 7 
31 65 5 
31 66 2 
31 67 4 
31 68 6 
31 69 5 
31 70 4 
31 71 3 
31 72 4 
31 73 7 
31 74 4 
31 75 3 
31 76 8 
31 77 5 
31 78 7 
31 79 3 
31 80 4 
31 81 4 
31 82 3 
31 83 3 
31 84 3 
31 85 3 
31 86 4 
31 87 4 
31 88 5 
31 89 7 
31 90 7 
31 91 4 
31 92 8 
31 93 8 
31 94 3 
31 95 4 
31 96 6 
31 97 7 
31 98 5 
31 99 4 
32 0 7 
32 1 6 
32 2 5 
32 3 6 
32 4 8 
32 5 8 
32 6 8 
32 7 4 
32 8 6 
32 9 8 
32 10 7 
32 11 7 
32 12 3 
32 13 8 
32 14 7 
32 15 2 
32 16 7 
32 17 6 
32 18 6 
32 19 1 
32 20 7 
32 21 6 
32 22 8 
32 23 6 
32 24 6 
32 25 7 
32 26 6 
32 27 8 
32 28 7 
32 29 8 
32 30 7 
32 31 8 
32 32 0 
32 33 2 
32 34 8 
32 35 7 
32 36 9 
32 37 7 
32 38 7 
32 39 4 
32 40 9 
32 41 4 
32 42 7 
32 43 9 
32 44 7 
32 45 4 
32 46 7 
32 47 7 
32 48 8 
32 49 7 
32 50 7 
32 51 9 
32 52 6 
32 53 8 
32 54 9 
32 55 7 
32 56 9 
32 57 5 
32 58 6 
32 59 7 
32 60 8 
32 61 10 
32 62 8 
32 63 6 
32 64 3 
32 65 7 
32 66 8 
32 67 6 
32 68 8 
32 69 5 
32 70 8 
32 71 9 
32 72 8 
32 73 5 
32 74 6 
32 75 9 
32 76 4 
32 77 9 
32 78 5 
32 79 7 
32 80 6 
32 81 6 
32 82 7 
32 83 9 
32 84 7 
32 85 7 
32 86 8 
32 87 10 
32 88 9 
32 89 5 
32 90 3 
32 91 6 
32 92 4 
32 93 6 
32 94 7 
32 95 6 
32 96 8 
32 97 9 
32 98 9 
32 99 8 
33 0 7 
33 1 6 
33 2 5 
33 3 6 
33 4 8 
33 5 8 
33 6 8 
33 7 4 
33 8 6 
33 9 8 
33 10 7 
33 11 7 
33 12 3 
33 13 8 
33 14 7 
33 15 2 
33 16 7 
33 17 6 
33 18 6 
33 19 1 
33 20 7 
33 21 6 
33 22 8 
33 23 6 
33 24 6 
33 25 7 
33 26 6 
33 27 8 
33 28 7 
33 29 8 
33 30 7 
33 31 8 
33 32 2 
33 33 0 
33 34 8 
33 35 7 
33 36 9 
33 37 7 
33 38 7 
33 39 4 
33 40 9 
33 41 4 
33 42 7 
33 43 9 
33 44 7 
33 45 4 
33 46 7 
33 47 7 
33 48 8 
33 49 7 
33 50 7 
33 51 9 
33 52 6 
33 53 8 
33 54 9 
33 55 7 
33 56 9 
33 57 5 
33 58 6 
33 59 7 
33 60 8 
33 61 10 
33 62 8 
33 63 6 
33 64 3 
33 65 7 
33 66 8 
33 67 6 
33 68 8 
33 69 5 
33 70 8 
33 71 9 
33 72 8 
33 73 5 
33 74 6 
33 75 9 
33 76 4 
33 77 9 
33 78 5 
33 79 7 
33 80 6 
33 81 6 
33 82 7 
33 83 9 
33 84 7 
33 85 7 
33 86 8 
33 87 10 
33 88 9 
33 89 5 
33 90 3 
33 91 6 
33 92 4 
33 93 6 
33 94 7 
33 95 6 
33 96 8 
33 97 9 
33 98 9 
33 99 8 
34 0 1 
34 1 2 
34 2 3 
34 3 4 
34 4 2 
34 5 2 
34 6 2 
34 7 4 
34 8 4 
34 9 2 
34 10 3 
34 11 5 
34 12 5 
34 13 2 
34 14 3 
34 15 6 
34 16 5 
34 17 4 
34 18 4 
34 19 7 
34 20 5 
34 21 4 
34 22 4 
34 23 4 
34 24 4 
34 25 3 
34 26 4 
34 27 6 
34 28 5 
34 29 4 
34 30 5 
34 31 2 
34 32 8 
34 33 8 
34 34 0 
34 35 5 
34 36 7 
34 37 5 
34 38 3 
34 39 6 
34 40 5 
34 41 6 
34 42 5 
34 43 3 
34 44 5 
34 45 6 
34 46 3 
34 47 5 
34 48 4 
34 49 5 
34 50 3 
34 51 1 
34 52 4 
34 53 4 
34 54 3 
34 55 5 
34 56 3 
34 57 7 
34 58 4 
34 59 3 
34 60 6 
34 61 4 
34 62 4 
34 63 4 
34 64 7 
34 65 5 
34 66 2 
34 67 4 
34 68 6 
34 69 5 
34 70 4 
34 71 3 
34 72 4 
34 73 7 
34 74 4 
34 75 3 
34 76 8 
34 77 5 
34 78 7 
34 79 3 
34 80 4 
34 81 4 
34 82 3 
34 83 1 
34 84 3 
34 85 3 
34 86 4 
34 87 2 
34 88 5 
34 89 7 
34 90 7 
34 91 4 
34 92 8 
34 93 8 
34 94 3 
34 95 4 
34 96 6 
34 97 7 
34 98 5 
34 99 4 
35 0 4 
35 1 3 
35 2 2 
35 3 3 
35 4 5 
35 5 5 
35 6 5 
35 7 3 
35 8 3 
35 9 5 
35 10 4 
35 11 4 
35 12 4 
35 13 5 
35 14 4 
35 15 5 
35 16 4 
35 17 3 
35 18 3 
35 19 6 
35 20 4 
35 21 3 
35 22 5 
35 23 3 
35 24 3 
35 25 4 
35 26 1 
35 27 5 
35 28 4 
35 29 5 
35 30 2 
35 31 5 
35 32 7 
35 33 7 
35 34 5 
35 35 0 
35 36 6 
35 37 4 
35 38 4 
35 39 5 
35 40 6 
35 41 5 
35 42 4 
35 43 6 
35 44 4 
35 45 5 
35 46 4 
35 47 4 
35 48 5 
35 49 4 
35 50 4 
35 51 6 
35 52 3 
35 53 5 
35 54 6 
35 55 4 
35 56 6 
35 57 6 
35 58 3 
35 59 4 
35 60 5 
35 61 7 
35 62 5 
35 63 3 
35 64 6 
35 65 4 
35 66 5 
35 67 3 
35 68 5 
35 69 4 
35 70 5 
35 71 6 
35 72 5 
35 73 6 
35 74 3 
35 75 6 
35 76 7 
35 77 6 
35 78 6 
35 79 4 
35 80 3 
35 81 3 
35 82 4 
35 83 6 
35 84 4 
35 85 4 
35 86 5 
35 87 7 
35 88 6 
35 89 6 
35 90 6 
35 91 3 
35 92 7 
35 93 7 
35 94 4 
35 95 3 
35 96 5 
35 97 6 
35 98 6 
35 99 5 
36 0 6 
36 1 5 
36 2 4 
36 3 3 
36 4 7 
36 5 7 
36 6 7 
36 7 5 
36 8 5 
36 9 7 
36 10 6 
36 11 4 
36 12 6 
36 13 7 
36 14 6 
36 15 7 
36 16 2 
36 17 5 
36 18 5 
36 19 8 
36 20 6 
36 21 5 
36 22 7 
36 23 5 
36 24 5 
36 25 6 
36 26 5 
36 27 1 
36 28 6 
36 29 7 
36 30 6 
36 31 7 
36 32 9 
36 33 9 
36 34 7 
36 35 6 
36 36 0 
36 37 6 
36 38 6 
36 39 7 
36 40 8 
36 41 7 
36 42 6 
36 43 8 
36 44 4 
36 45 7 
36 46 6 
36 47 4 
36 48 7 
36 49 6 
36 50 6 
36 51 8 
36 52 5 
36 53 7 
36 54 8 
36 55 6 
36 56 8 
36 57 8 
36 58 5 
36 59 6 
36 60 7 
36 61 9 
36 62 7 
36 63 5 
36 64 8 
36 65 4 
36 66 7 
36 67 5 
36 68 5 
36 69 6 
36 70 7 
36 71 8 
36 72 7 
36 73 8 
36 74 5 
36 75 8 
36 76 9 
36 77 8 
36 78 8 
36 79 6 
36 80 5 
36 81 5 
36 82 6 
36 83 8 
36 84 6 
36 85 6 
36 86 7 
36 87 9 
36 88 8 
36 89 8 
36 90 8 
36 91 5 
36 92 9 
36 93 9 
36 94 6 
36 95 5 
36 96 3 
36 97 2 
36 98 8 
36 99 7 
37 0 4 
37 1 3 
37 2 2 
37 3 3 
37 4 5 
37 5 5 
37 6 5 
37 7 3 
37 8 3 
37 9 5 
37 10 4 
37 11 4 
37 12 4 
37 13 5 
37 14 4 
37 15 5 
37 16 4 
37 17 3 
37 18 1 
37 19 6 
37 20 2 
37 21 3 
37 22 5 
37 23 3 
37 24 3 
37 25 4 
37 26 3 
37 27 5 
37 28 2 
37 29 5 
37 30 4 
37 31 5 
37 32 7 
37 33 7 
37 34 5 
37 35 4 
37 36 6 
37 37 0 
37 38 4 
37 39 5 
37 40 6 
37 41 5 
37 42 4 
37 43 6 
37 44 4 
37 45 5 
37 46 4 
37 47 4 
37 48 5 
37 49 4 
37 50 4 
37 51 6 
37 52 3 
37 53 5 
37 54 6 
37 55 4 
37 56 6 
37 57 6 
37 58 3 
37 59 4 
37 60 1 
37 61 7 
37 62 5 
37 63 3 
37 64 6 
37 65 4 
37 66 5 
37 67 3 
37 68 5 
37 69 4 
37 70 5 
37 71 6 
37 72 5 
37 73 6 
37 74 3 
37 75 6 
37 76 7 
37 77 6 
37 78 6 
37 79 4 
37 80 3 
37 81 3 
37 82 4 
37 83 6 
37 84 4 
37 85 4 
37 86 5 
37 87 7 
37 88 6 
37 89 6 
37 90 6 
37 91 3 
37 92 7 
37 93 7 
37 94 4 
37 95 3 
37 96 5 
37 97 6 
37 98 6 
37 99 5 
38 0 2 
38 1 1 
38 2 2 
38 3 3 
38 4 3 
38 5 3 
38 6 3 
38 7 3 
38 8 3 
38 9 3 
38 10 2 
38 11 4 
38 12 4 
38 13 3 
38 14 2 
38 15 5 
38 16 4 
38 17 3 
38 18 3 
38 19 6 
38 20 4 
38 21 3 
38 22 3 
38 23 3 
38 24 3 
38 25 2 
38 26 3 
38 27 5 
38 28 4 
38 29 3 
38 30 4 
38 31 3 
38 32 7 
38 33 7 
38 34 3 
38 35 4 
38 36 6 
38 37 4 
38 38 0 
38 39 5 
38 40 4 
38 41 5 
38 42 4 
38 43 4 
38 44 4 
38 45 5 
38 46 2 
38 47 4 
38 48 1 
38 49 4 
38 50 2 
38 51 4 
38 52 3 
38 53 3 
38 54 4 
38 55 4 
38 56 4 
38 57 6 
38 58 3 
38 59 2 
38 60 5 
38 61 5 
38 62 3 
38 63 3 
38 64 6 
38 65 4 
38 66 3 
38 67 3 
38 68 5 
38 69 4 
38 70 3 
38 71 4 
38 72 3 
38 73 6 
38 74 3 
38 75 4 
38 76 7 
38 77 4 
38 78 6 
38 79 2 
38 80 3 
38 81 3 
38 82 2 
38 83 4 
38 84 2 
38 85 2 
38 86 3 
38 87 5 
38 88 4 
38 89 6 
38 90 6 
38 91 3 
38 92 7 
38 93 7 
38 94 2 
38 95 3 
38 96 5 
38 97 6 
38 98 2 
38 99 3 
39 0 5 
39 1 4 
39 2 3 
39 3 4 
39 4 6 
39 5 6 
39 6 6 
39 7 2 
39 8 4 
39 9 6 
39 10 5 
39 11 5 
39 12 1 
39 13 6 
39 14 5 
39 15 2 
39 16 5 
39 17 4 
39 18 4 
39 19 3 
39 20 5 
39 21 4 
39 22 6 
39 23 4 
39 24 4 
39 25 5 
39 26 4 
39 27 6 
39 28 5 
39 29 6 
39 30 5 
39 31 6 
39 32 4 
39 33 4 
39 34 6 
39 35 5 
39 36 7 
39 37 5 
39 38 5 
39 39 0 
39 40 7 
39 41 2 
39 42 5 
39 43 7 
39 44 5 
39 45 2 
39 46 5 
39 47 5 
39 48 6 
39 49 5 
39 50 5 
39 51 7 
39 52 4 
39 53 6 
39 54 7 
39 55 5 
39 56 7 
39 57 3 
39 58 4 
39 59 5 
39 60 6 
39 61 8 
39 62 6 
39 63 4 
39 64 3 
39 65 5 
39 66 6 
39 67 4 
39 68 6 
39 69 3 
39 70 6 
39 71 7 
39 72 6 
39 73 3 
39 74 4 
39 75 7 
39 76 4 
39 77 7 
39 78 3 
39 79 5 
39 80 4 
39 81 4 
39 82 5 
39 83 7 
39 84 5 
39 85 5 
39 86 6 
39 87 8 
39 88 7 
39 89 3 
39 90 3 
39 91 4 
39 92 4 
39 93 4 
39 94 5 
39 95 4 
39 96 6 
39 97 7 
39 98 7 
39 99 6 
40 0 4 
40 1 3 
40 2 4 
40 3 5 
40 4 5 
40 5 5 
40 6 5 
40 7 5 
40 8 5 
40 9 5 
40 10 2 
40 11 6 
40 12 6 
40 13 5 
40 14 4 
40 15 7 
40 16 6 
40 17 5 
40 18 5 
40 19 8 
40 20 6 
40 21 5 
40 22 1 
40 23 5 
40 24 5 
40 25 4 
40 26 5 
40 27 7 
40 28 6 
40 29 5 
40 30 6 
40 31 5 
40 32 9 
40 33 9 
40 34 5 
40 35 6 
40 36 8 
40 37 6 
40 38 4 
40 39 7 
40 40 0 
40 41 7 
40 42 6 
40 43 6 
40 44 6 
40 45 7 
40 46 4 
40 47 6 
40 48 5 
40 49 6 
40 50 4 
40 51 6 
40 52 5 
40 53 5 
40 54 6 
40 55 6 
40 56 6 
40 57 8 
40 58 5 
40 59 4 
40 60 7 
40 61 7 
40 62 5 
40 63 5 
40 64 8 
40 65 6 
40 66 5 
40 67 5 
40 68 7 
40 69 6 
40 70 3 
40 71 6 
40 72 5 
40 73 8 
40 74 5 
40 75 6 
40 76 9 
40 77 6 
40 78 8 
40 79 4 
40 80 5 
40 81 5 
40 82 4 
40 83 6 
40 84 4 
40 85 4 
40 86 5 
40 87 7 
40 88 6 
40 89 8 
40 90 8 
40 91 5 
40 92 9 
40 93 9 
40 94 4 
40 95 5 
40 96 7 
40 97 8 
40 98 6 
40 99 5 
41 0 5 
41 1 4 
41 2 3 
41 3 4 
41 4 6 
41 5 6 
41 6 6 
41 7 2 
41 8 4 
41 9 6 
41 10 5 
41 11 5 
41 12 1 
41 13 6 
41 14 5 
41 15 2 
41 16 5 
41 17 4 
41 18 4 
41 19 3 
41 20 5 
41 21 4 
41 22 6 
41 23 4 
41 24 4 
41 25 5 
41 26 4 
41 27 6 
41 28 5 
41 29 6 
41 30 5 
41 31 6 
41 32 4 
41 33 4 
41 34 6 
41 35 5 
41 36 7 
41 37 5 
41 38 5 
41 39 2 
41 40 7 
41 41 0 
41 42 5 
41 43 7 
41 44 5 
41 45 2 
41 46 5 
41 47 5 
41 48 6 
41 49 5 
41 50 5 
41 51 7 
41 52 4 
41 53 6 
41 54 7 
41 55 5 
41 56 7 
41 57 3 
41 58 4 
41 59 5 
41 60 6 
41 61 8 
41 62 6 
41 63 4 
41 64 3 
41 65 5 
41 66 6 
41 67 4 
41 68 6 
41 69 3 
41 70 6 
41 71 7 
41 72 6 
41 73 3 
41 74 4 
41 75 7 
41 76 4 
41 77 7 
41 78 1 
41 79 5 
41 80 4 
41 81 4 
41 82 5 
41 83 7 
41 84 5 
41 85 5 
41 86 6 
41 87 8 
41 88 7 
41 89 3 
41 90 3 
41 91 4 
41 92 4 
41 93 4 
41 94 5 
41 95 4 
41 96 6 
41 97 7 
41 98 7 
41 99 6 
42 0 4 
42 1 3 
42 2 2 
42 3 3 
42 4 5 
42 5 5 
42 6 5 
42 7 3 
42 8 3 
42 9 5 
42 10 4 
42 11 4 
42 12 4 
42 13 5 
42 14 4 
42 15 5 
42 16 4 
42 17 3 
42 18 3 
42 19 6 
42 20 4 
42 21 3 
42 22 5 
42 23 3 
42 24 1 
42 25 4 
42 26 3 
42 27 5 
42 28 4 
42 29 5 
42 30 4 
42 31 5 
42 32 7 
42 33 7 
42 34 5 
42 35 4 
42 36 6 
42 37 4 
42 38 4 
42 39 5 
42 40 6 
42 41 5 
42 42 0 
42 43 6 
42 44 4 
42 45 5 
42 46 4 
42 47 4 
42 48 5 
42 49 2 
42 50 4 
42 51 6 
42 52 3 
42 53 5 
42 54 6 
42 55 4 
42 56 6 
42 57 6 
42 58 3 
42 59 4 
42 60 5 
42 61 7 
42 62 5 
42 63 3 
42 64 6 
42 65 4 
42 66 5 
42 67 3 
42 68 5 
42 69 4 
42 70 5 
42 71 6 
42 72 5 
42 73 6 
42 74 3 
42 75 6 
42 76 7 
42 77 6 
42 78 6 
42 79 4 
42 80 3 
42 81 3 
42 82 4 
42 83 6 
42 84 4 
42 85 4 
42 86 5 
42 87 7 
42 88 6 
42 89 6 
42 90 6 
42 91 3 
42 92 7 
42 93 7 
42 94 4 
42 95 3 
42 96 5 
42 97 6 
42 98 6 
42 99 5 
43 0 2 
43 1 3 
43 2 4 
43 3 5 
43 4 3 
43 5 3 
43 6 3 
43 7 5 
43 8 5 
43 9 3 
43 10 4 
43 11 6 
43 12 6 
43 13 1 
43 14 4 
43 15 7 
43 16 6 
43 17 5 
43 18 5 
43 19 8 
43 20 6 
43 21 5 
43 22 5 
43 23 5 
43 24 5 
43 25 4 
43 26 5 
43 27 7 
43 28 6 
43 29 5 
43 30 6 
43 31 3 
43 32 9 
43 33 9 
43 34 3 
43 35 6 
43 36 8 
43 37 6 
43 38 4 
43 39 7 
43 40 6 
43 41 7 
43 42 6 
43 43 0 
43 44 6 
43 45 7 
43 46 4 
43 47 6 
43 48 5 
43 49 6 
43 50 4 
43 51 4 
43 52 5 
43 53 5 
43 54 4 
43 55 6 
43 56 4 
43 57 8 
43 58 5 
43 59 4 
43 60 7 
43 61 5 
43 62 5 
43 63 5 
43 64 8 
43 65 6 
43 66 3 
43 67 5 
43 68 7 
43 69 6 
43 70 5 
43 71 2 
43 72 5 
43 73 8 
43 74 5 
43 75 4 
43 76 9 
43 77 6 
43 78 8 
43 79 4 
43 80 5 
43 81 5 
43 82 4 
43 83 4 
43 84 4 
43 85 4 
43 86 5 
43 87 5 
43 88 6 
43 89 8 
43 90 8 
43 91 5 
43 92 9 
43 93 9 
43 94 4 
43 95 5 
43 96 7 
43 97 8 
43 98 6 
43 99 5 
44 0 4 
44 1 3 
44 2 2 
44 3 1 
44 4 5 
44 5 5 
44 6 5 
44 7 3 
44 8 3 
44 9 5 
44 10 4 
44 11 2 
44 12 4 
44 13 5 
44 14 4 
44 15 5 
44 16 2 
44 17 3 
44 18 3 
44 19 6 
44 20 4 
44 21 3 
44 22 5 
44 23 3 
44 24 3 
44 25 4 
44 26 3 
44 27 3 
44 28 4 
44 29 5 
44 30 4 
44 31 5 
44 32 7 
44 33 7 
44 34 5 
44 35 4 
44 36 4 
44 37 4 
44 38 4 
44 39 5 
44 40 6 
44 41 5 
44 42 4 
44 43 6 
44 44 0 
44 45 5 
44 46 4 
44 47 2 
44 48 5 
44 49 4 
44 50 4 
44 51 6 
44 52 3 
44 53 5 
44 54 6 
44 55 4 
44 56 6 
44 57 6 
44 58 3 
44 59 4 
44 60 5 
44 61 7 
44 62 5 
44 63 3 
44 64 6 
44 65 2 
44 66 5 
44 67 3 
44 68 3 
44 69 4 
44 70 5 
44 71 6 
44 72 5 
44 73 6 
44 74 3 
44 75 6 
44 76 7 
44 77 6 
44 78 6 
44 79 4 
44 80 3 
44 81 3 
44 82 4 
44 83 6 
44 84 4 
44 85 4 
44 86 5 
44 87 7 
44 88 6 
44 89 6 
44 90 6 
44 91 3 
44 92 7 
44 93 7 
44 94 4 
44 95 3 
44 96 3 
44 97 4 
44 98 6 
44 99 5 
45 0 5 
45 1 4 
45 2 3 
45 3 4 
45 4 6 
45 5 6 
45 6 6 
45 7 2 
45 8 4 
45 9 6 
45 10 5 
45 11 5 
45 12 1 
45 13 6 
45 14 5 
45 15 2 
45 16 5 
45 17 4 
45 18 4 
45 19 3 
45 20 5 
45 21 4 
45 22 6 
45 23 4 
45 24 4 
45 25 5 
45 26 4 
45 27 6 
45 28 5 
45 29 6 
45 30 5 
45 31 6 
45 32 4 
45 33 4 
45 34 6 
45 35 5 
45 36 7 
45 37 5 
45 38 5 
45 39 2 
45 40 7 
45 41 2 
45 42 5 
45 43 7 
45 44 5 
45 45 0 
45 46 5 
45 47 5 
45 48 6 
45 49 5 
45 50 5 
45 51 7 
45 52 4 
45 53 6 
45 54 7 
45 55 5 
45 56 7 
45 57 1 
45 58 4 
45 59 5 
45 60 6 
45 61 8 
45 62 6 
45 63 4 
45 64 3 
45 65 5 
45 66 6 
45 67 4 
45 68 6 
45 69 3 
45 70 6 
45 71 7 
45 72 6 
45 73 1 
45 74 4 
45 75 7 
45 76 4 
45 77 7 
45 78 3 
45 79 5 
45 80 4 
45 81 4 
45 82 5 
45 83 7 
45 84 5 
45 85 5 
45 86 6 
45 87 8 
45 88 7 
45 89 1 
45 90 3 
45 91 4 
45 92 4 
45 93 2 
45 94 5 
45 95 4 
45 96 6 
45 97 7 
45 98 7 
45 99 6 
46 0 2 
46 1 1 
46 2 2 
46 3 3 
46 4 3 
46 5 3 
46 6 3 
46 7 3 
46 8 3 
46 9 3 
46 10 2 
46 11 4 
46 12 4 
46 13 3 
46 14 2 
46 15 5 
46 16 4 
46 17 3 
46 18 3 
46 19 6 
46 20 4 
46 21 3 
46 22 3 
46 23 3 
46 24 3 
46 25 2 
46 26 3 
46 27 5 
46 28 4 
46 29 3 
46 30 4 
46 31 3 
46 32 7 
46 33 7 
46 34 3 
46 35 4 
46 36 6 
46 37 4 
46 38 2 
46 39 5 
46 40 4 
46 41 5 
46 42 4 
46 43 4 
46 44 4 
46 45 5 
46 46 0 
46 47 4 
46 48 3 
46 49 4 
46 50 2 
46 51 4 
46 52 3 
46 53 3 
46 54 4 
46 55 4 
46 56 4 
46 57 6 
46 58 3 
46 59 2 
46 60 5 
46 61 5 
46 62 3 
46 63 3 
46 64 6 
46 65 4 
46 66 3 
46 67 3 
46 68 5 
46 69 4 
46 70 3 
46 71 4 
46 72 3 
46 73 6 
46 74 3 
46 75 4 
46 76 7 
46 77 4 
46 78 6 
46 79 2 
46 80 3 
46 81 3 
46 82 2 
46 83 4 
46 84 2 
46 85 2 
46 86 3 
46 87 5 
46 88 4 
46 89 6 
46 90 6 
46 91 3 
46 92 7 
46 93 7 
46 94 2 
46 95 3 
46 96 5 
46 97 6 
46 98 4 
46 99 3 
47 0 4 
47 1 3 
47 2 2 
47 3 1 
47 4 5 
47 5 5 
47 6 5 
47 7 3 
47 8 3 
47 9 5 
47 10 4 
47 11 2 
47 12 4 
47 13 5 
47 14 4 
47 15 5 
47 16 2 
47 17 3 
47 18 3 
47 19 6 
47 20 4 
47 21 3 
47 22 5 
47 23 3 
47 24 3 
47 25 4 
47 26 3 
47 27 3 
47 28 4 
47 29 5 
47 30 4 
47 31 5 
47 32 7 
47 33 7 
47 34 5 
47 35 4 
47 36 4 
47 37 4 
47 38 4 
47 39 5 
47 40 6 
47 41 5 
47 42 4 
47 43 6 
47 44 2 
47 45 5 
47 46 4 
47 47 0 
47 48 5 
47 49 4 
47 50 4 
47 51 6 
47 52 3 
47 53 5 
47 54 6 
47 55 4 
47 56 6 
47 57 6 
47 58 3 
47 59 4 
47 60 5 
47 61 7 
47 62 5 
47 63 3 
47 64 6 
47 65 2 
47 66 5 
47 67 3 
47 68 3 
47 69 4 
47 70 5 
47 71 6 
47 72 5 
47 73 6 
47 74 3 
47 75 6 
47 76 7 
47 77 6 
47 78 6 
47 79 4 
47 80 3 
47 81 3 
47 82 4 
47 83 6 
47 84 4 
47 85 4 
47 86 5 
47 87 7 
47 88 6 
47 89 6 
47 90 6 
47 91 3 
47 92 7 
47 93 7 
47 94 4 
47 95 3 
47 96 3 
47 97 4 
47 98 6 
47 99 5 
48 0 3 
48 1 2 
48 2 3 
48 3 4 
48 4 4 
48 5 4 
48 6 4 
48 7 4 
48 8 4 
48 9 4 
48 10 3 
48 11 5 
48 12 5 
48 13 4 
48 14 3 
48 15 6 
48 16 5 
48 17 4 
48 18 4 
48 19 7 
48 20 5 
48 21 4 
48 22 4 
48 23 4 
48 24 4 
48 25 3 
48 26 4 
48 27 6 
48 28 5 
48 29 4 
48 30 5 
48 31 4 
48 32 8 
48 33 8 
48 34 4 
48 35 5 
48 36 7 
48 37 5 
48 38 1 
48 39 6 
48 40 5 
48 41 6 
48 42 5 
48 43 5 
48 44 5 
48 45 6 
48 46 3 
48 47 5 
48 48 0 
48 49 5 
48 50 3 
48 51 5 
48 52 4 
48 53 4 
48 54 5 
48 55 5 
48 56 5 
48 57 7 
48 58 4 
48 59 3 
48 60 6 
48 61 6 
48 62 4 
48 63 4 
48 64 7 
48 65 5 
48 66 4 
48 67 4 
48 68 6 
48 69 5 
48 70 4 
48 71 5 
48 72 4 
48 73 7 
48 74 4 
48 75 5 
48 76 8 
48 77 5 
48 78 7 
48 79 3 
48 80 4 
48 81 4 
48 82 3 
48 83 5 
48 84 3 
48 85 3 
48 86 4 
48 87 6 
48 88 5 
48 89 7 
48 90 7 
48 91 4 
48 92 8 
48 93 8 
48 94 3 
48 95 4 
48 96 6 
48 97 7 
48 98 1 
48 99 4 
49 0 4 
49 1 3 
49 2 2 
49 3 3 
49 4 5 
49 5 5 
49 6 5 
49 7 3 
49 8 3 
49 9 5 
49 10 4 
49 11 4 
49 12 4 
49 13 5 
49 14 4 
49 15 5 
49 16 4 
49 17 3 
49 18 3 
49 19 6 
49 20 4 
49 21 3 
49 22 5 
49 23 3 
49 24 1 
49 25 4 
49 26 3 
49 27 5 
49 28 4 
49 29 5 
49 30 4 
49 31 5 
49 32 7 
49 33 7 
49 34 5 
49 35 4 
49 36 6 
49 37 4 
49 38 4 
49 39 5 
49 40 6 
49 41 5 
49 42 2 
49 43 6 
49 44 4 
49 45 5 
49 46 4 
49 47 4 
49 48 5 
49 49 0 
49 50 4 
49 51 6 
49 52 3 
49 53 5 
49 54 6 
49 55 4 
49 56 6 
49 57 6 
49 58 3 
49 59 4 
49 60 5 
49 61 7 
49 62 5 
49 63 3 
49 64 6 
49 65 4 
49 66 5 
49 67 3 
49 68 5 
49 69 4 
49 70 5 
49 71 6 
49 72 5 
49 73 6 
49 74 3 
49 75 6 
49 76 7 
49 77 6 
49 78 6 
49 79 4 
49 80 3 
49 81 3 
49 82 4 
49 83 6 
49 84 4 
49 85 4 
49 86 5 
49 87 7 
49 88 6 
49 89 6 
49 90 6 
49 91 3 
49 92 7 
49 93 7 
49 94 4 
49 95 3 
49 96 5 
49 97 6 
49 98 6 
49 99 5 
50 0 2 
50 1 1 
50 2 2 
50 3 3 
50 4 3 
50 5 3 
50 6 3 
50 7 3 
50 8 3 
50 9 3 
50 10 2 
50 11 4 
50 12 4 
50 13 3 
50 14 2 
50 15 5 
50 16 4 
50 17 3 
50 18 3 
50 19 6 
50 20 4 
50 21 3 
50 22 3 
50 23 3 
50 24 3 
50 25 2 
50 26 3 
50 27 5 
50 28 4 
50 29 3 
50 30 4 
50 31 3 
50 32 7 
50 33 7 
50 34 3 
50 35 4 
50 36 6 
50 37 4 
50 38 2 
50 39 5 
50 40 4 
50 41 5 
50 42 4 
50 43 4 
50 44 4 
50 45 5 
50 46 2 
50 47 4 
50 48 3 
50 49 4 
50 50 0 
50 51 4 
50 52 3 
50 53 1 
50 54 4 
50 55 4 
50 56 4 
50 57 6 
50 58 3 
50 59 2 
50 60 5 
50 61 5 
50 62 3 
50 63 3 
50 64 6 
50 65 4 
50 66 3 
50 67 3 
50 68 5 
50 69 4 
50 70 3 
50 71 4 
50 72 3 
50 73 6 
50 74 3 
50 75 4 
50 76 7 
50 77 4 
50 78 6 
50 79 2 
50 80 3 
50 81 3 
50 82 2 
50 83 4 
50 84 2 
50 85 2 
50 86 3 
50 87 5 
50 88 2 
50 89 6 
50 90 6 
50 91 3 
50 92 7 
50 93 7 
50 94 2 
50 95 3 
50 96 5 
50 97 6 
50 98 4 
50 99 3 
51 0 2 
51 1 3 
51 2 4 
51 3 5 
51 4 3 
51 5 3 
51 6 3 
51 7 5 
51 8 5 
51 9 3 
51 10 4 
51 11 6 
51 12 6 
51 13 3 
51 14 4 
51 15 7 
51 16 6 
51 17 5 
51 18 5 
51 19 8 
51 20 6 
51 21 5 
51 22 5 
51 23 5 
51 24 5 
51 25 4 
51 26 5 
51 27 7 
51 28 6 
51 29 5 
51 30 6 
51 31 3 
51 32 9 
51 33 9 
51 34 1 
51 35 6 
51 36 8 
51 37 6 
51 38 4 
51 39 7 
51 40 6 
51 41 7 
51 42 6 
51 43 4 
51 44 6 
51 45 7 
51 46 4 
51 47 6 
51 48 5 
51 49 6 
51 50 4 
51 51 0 
51 52 5 
51 53 5 
51 54 4 
51 55 6 
51 56 4 
51 57 8 
51 58 5 
51 59 4 
51 60 7 
51 61 5 
51 62 5 
51 63 5 
51 64 8 
51 65 6 
51 66 3 
51 67 5 
51 68 7 
51 69 6 
51 70 5 
51 71 4 
51 72 5 
51 73 8 
51 74 5 
51 75 4 
51 76 9 
51 77 6 
51 78 8 
51 79 4 
51 80 5 
51 81 5 
51 82 4 
51 83 2 
51 84 4 
51 85 4 
51 86 5 
51 87 1 
51 88 6 
51 89 8 
51 90 8 
51 91 5 
51 92 9 
51 93 9 
51 94 4 
51 95 5 
51 96 7 
51 97 8 
51 98 6 
51 99 5 
52 0 3 
52 1 2 
52 2 1 
52 3 2 
52 4 4 
52 5 4 
52 6 4 
52 7 2 
52 8 2 
52 9 4 
52 10 3 
52 11 3 
52 12 3 
52 13 4 
52 14 3 
52 15 4 
52 16 3 
52 17 2 
52 18 2 
52 19 5 
52 20 3 
52 21 2 
52 22 4 
52 23 2 
52 24 2 
52 25 3 
52 26 2 
52 27 4 
52 28 3 
52 29 4 
52 30 3 
52 31 4 
52 32 6 
52 33 6 
52 34 4 
52 35 3 
52 36 5 
52 37 3 
52 38 3 
52 39 4 
52 40 5 
52 41 4 
52 42 3 
52 43 5 
52 44 3 
52 45 4 
52 46 3 
52 47 3 
52 48 4 
52 49 3 
52 50 3 
52 51 5 
52 52 0 
52 53 4 
52 54 5 
52 55 3 
52 56 5 
52 57 5 
52 58 2 
52 59 3 
52 60 4 
52 61 6 
52 62 4 
52 63 2 
52 64 5 
52 65 3 
52 66 4 
52 67 2 
52 68 4 
52 69 3 
52 70 4 
52 71 5 
52 72 4 
52 73 5 
52 74 2 
52 75 5 
52 76 6 
52 77 5 
52 78 5 
52 79 3 
52 80 2 
52 81 2 
52 82 3 
52 83 5 
52 84 3 
52 85 3 
52 86 4 
52 87 6 
52 88 5 
52 89 5 
52 90 5 
52 91 2 
52 92 6 
52 93 6 
52 94 3 
52 95 2 
52 96 4 
52 97 5 
52 98 5 
52 99 4 
53 0 3 
53 1 2 
53 2 3 
53 3 4 
53 4 4 
53 5 4 
53 6 4 
53 7 4 
53 8 4 
53 9 4 
53 10 3 
53 11 5 
53 12 5 
53 13 4 
53 14 3 
53 15 6 
53 16 5 
53 17 4 
53 18 4 
53 19 7 
53 20 5 
53 21 4 
53 22 4 
53 23 4 
53 24 4 
53 25 3 
53 26 4 
53 27 6 
53 28 5 
53 29 4 
53 30 5 
53 31 4 
53 32 8 
53 33 8 
53 34 4 
53 35 5 
53 36 7 
53 37 5 
53 38 3 
53 39 6 
53 40 5 
53 41 6 
53 42 5 
53 43 5 
53 44 5 
53 45 6 
53 46 3 
53 47 5 
53 48 4 
53 49 5 
53 50 1 
53 51 5 
53 52 4 
53 53 0 
53 54 5 
53 55 5 
53 56 5 
53 57 7 
53 58 4 
53 59 3 
53 60 6 
53 61 6 
53 62 4 
53 63 4 
53 64 7 
53 65 5 
53 66 4 
53 67 4 
53 68 6 
53 69 5 
53 70 4 
53 71 5 
53 72 4 
53 73 7 
53 74 4 
53 75 5 
53 76 8 
53 77 5 
53 78 7 
53 79 3 
53 80 4 
53 81 4 
53 82 3 
53 83 5 
53 84 3 
53 85 3 
53 86 4 
53 87 6 
53 88 1 
53 89 7 
53 90 7 
53 91 4 
53 92 8 
53 93 8 
53 94 3 
53 95 4 
53 96 6 
53 97 7 
53 98 5 
53 99 4 
54 0 2 
54 1 3 
54 2 4 
54 3 5 
54 4 1 
54 5 3 
54 6 3 
54 7 5 
54 8 5 
54 9 3 
54 10 4 
54 11 6 
54 12 6 
54 13 3 
54 14 4 
54 15 7 
54 16 6 
54 17 5 
54 18 5 
54 19 8 
54 20 6 
54 21 5 
54 22 5 
54 23 5 
54 24 5 
54 25 4 
54 26 5 
54 27 7 
54 28 6 
54 29 5 
54 30 6 
54 31 3 
54 32 9 
54 33 9 
54 34 3 
54 35 6 
54 36 8 
54 37 6 
54 38 4 
54 39 7 
54 40 6 
54 41 7 
54 42 6 
54 43 4 
54 44 6 
54 45 7 
54 46 4 
54 47 6 
54 48 5 
54 49 6 
54 50 4 
54 51 4 
54 52 5 
54 53 5 
54 54 0 
54 55 6 
54 56 4 
54 57 8 
54 58 5 
54 59 4 
54 60 7 
54 61 5 
54 62 5 
54 63 5 
54 64 8 
54 65 6 
54 66 3 
54 67 5 
54 68 7 
54 69 6 
54 70 5 
54 71 4 
54 72 5 
54 73 8 
54 74 5 
54 75 2 
54 76 9 
54 77 6 
54 78 8 
54 79 4 
54 80 5 
54 81 5 
54 82 4 
54 83 4 
54 84 4 
54 85 4 
54 86 5 
54 87 5 
54 88 6 
54 89 8 
54 90 8 
54 91 5 
54 92 9 
54 93 9 
54 94 4 
54 95 5 
54 96 7 
54 97 8 
54 98 6 
54 99 5 
55 0 4 
55 1 3 
55 2 2 
55 3 3 
55 4 5 
55 5 5 
55 6 5 
55 7 3 
55 8 3 
55 9 5 
55 10 4 
55 11 4 
55 12 4 
55 13 5 
55 14 4 
55 15 5 
55 16 4 
55 17 1 
55 18 3 
55 19 6 
55 20 4 
55 21 3 
55 22 5 
55 23 3 
55 24 3 
55 25 4 
55 26 3 
55 27 5 
55 28 4 
55 29 5 
55 30 4 
55 31 5 
55 32 7 
55 33 7 
55 34 5 
55 35 4 
55 36 6 
55 37 4 
55 38 4 
55 39 5 
55 40 6 
55 41 5 
55 42 4 
55 43 6 
55 44 4 
55 45 5 
55 46 4 
55 47 4 
55 48 5 
55 49 4 
55 50 4 
55 51 6 
55 52 3 
55 53 5 
55 54 6 
55 55 0 
55 56 6 
55 57 6 
55 58 3 
55 59 4 
55 60 5 
55 61 7 
55 62 5 
55 63 3 
55 64 6 
55 65 4 
55 66 5 
55 67 3 
55 68 5 
55 69 4 
55 70 5 
55 71 6 
55 72 5 
55 73 6 
55 74 3 
55 75 6 
55 76 7 
55 77 6 
55 78 6 
55 79 4 
55 80 3 
55 81 3 
55 82 4 
55 83 6 
55 84 4 
55 85 4 
55 86 5 
55 87 7 
55 88 6 
55 89 6 
55 90 6 
55 91 3 
55 92 7 
55 93 7 
55 94 4 
55 95 3 
55 96 5 
55 97 6 
55 98 6 
55 99 5 
56 0 2 
56 1 3 
56 2 4 
56 3 5 
56 4 3 
56 5 1 
56 6 3 
56 7 5 
56 8 5 
56 9 3 
56 10 4 
56 11 6 
56 12 6 
56 13 3 
56 14 4 
56 15 7 
56 16 6 
56 17 5 
56 18 5 
56 19 8 
56 20 6 
56 21 5 
56 22 5 
56 23 5 
56 24 5 
56 25 4 
56 26 5 
56 27 7 
56 28 6 
56 29 5 
56 30 6 
56 31 3 
56 32 9 
56 33 9 
56 34 3 
56 35 6 
56 36 8 
56 37 6 
56 38 4 
56 39 7 
56 40 6 
56 41 7 
56 42 6 
56 43 4 
56 44 6 
56 45 7 
56 46 4 
56 47 6 
56 48 5 
56 49 6 
56 50 4 
56 51 4 
56 52 5 
56 53 5 
56 54 4 
56 55 6 
56 56 0 
56 57 8 
56 58 5 
56 59 4 
56 60 7 
56 61 1 
56 62 5 
56 63 5 
56 64 8 
56 65 6 
56 66 3 
56 67 5 
56 68 7 
56 69 6 
56 70 5 
56 71 4 
56 72 5 
56 73 8 
56 74 5 
56 75 4 
56 76 9 
56 77 6 
56 78 8 
56 79 4 
56 80 5 
56 81 5 
56 82 4 
56 83 4 
56 84 4 
56 85 4 
56 86 5 
56 87 5 
56 88 6 
56 89 8 
56 90 8 
56 91 5 
56 92 9 
56 93 9 
56 94 4 
56 95 5 
56 96 7 
56 97 8 
56 98 6 
56 99 5 
57 0 6 
57 1 5 
57 2 4 
57 3 5 
57 4 7 
57 5 7 
57 6 7 
57 7 3 
57 8 5 
57 9 7 
57 10 6 
57 11 6 
57 12 2 
57 13 7 
57 14 6 
57 15 3 
57 16 6 
57 17 5 
57 18 5 
57 19 4 
57 20 6 
57 21 5 
57 22 7 
57 23 5 
57 24 5 
57 25 6 
57 26 5 
57 27 7 
57 28 6 
57 29 7 
57 30 6 
57 31 7 
57 32 5 
57 33 5 
57 34 7 
57 35 6 
57 36 8 
57 37 6 
57 38 6 
57 39 3 
57 40 8 
57 41 3 
57 42 6 
57 43 8 
57 44 6 
57 45 1 
57 46 6 
57 47 6 
57 48 7 
57 49 6 
57 50 6 
57 51 8 
57 52 5 
57 53 7 
57 54 8 
57 55 6 
57 56 8 
57 57 0 
57 58 5 
57 59 6 
57 60 7 
57 61 9 
57 62 7 
57 63 5 
57 64 4 
57 65 6 
57 66 7 
57 67 5 
57 68 7 
57 69 4 
57 70 7 
57 71 8 
57 72 7 
57 73 2 
57 74 5 
57 75 8 
57 76 5 
57 77 8 
57 78 4 
57 79 6 
57 80 5 
57 81 5 
57 82 6 
57 83 8 
57 84 6 
57 85 6 
57 86 7 
57 87 9 
57 88 8 
57 89 2 
57 90 4 
57 91 5 
57 92 5 
57 93 3 
57 94 6 
57 95 5 
57 96 7 
57 97 8 
57 98 8 
57 99 7 
58 0 3 
58 1 2 
58 2 1 
58 3 2 
58 4 4 
58 5 4 
58 6 4 
58 7 2 
58 8 2 
58 9 4 
58 10 3 
58 11 3 
58 12 3 
58 13 4 
58 14 3 
58 15 4 
58 16 3 
58 17 2 
58 18 2 
58 19 5 
58 20 3 
58 21 2 
58 22 4 
58 23 2 
58 24 2 
58 25 3 
58 26 2 
58 27 4 
58 28 3 
58 29 4 
58 30 3 
58 31 4 
58 32 6 
58 33 6 
58 34 4 
58 35 3 
58 36 5 
58 37 3 
58 38 3 
58 39 4 
58 40 5 
58 41 4 
58 42 3 
58 43 5 
58 44 3 
58 45 4 
58 46 3 
58 47 3 
58 48 4 
58 49 3 
58 50 3 
58 51 5 
58 52 2 
58 53 4 
58 54 5 
58 55 3 
58 56 5 
58 57 5 
58 58 0 
58 59 3 
58 60 4 
58 61 6 
58 62 4 
58 63 2 
58 64 5 
58 65 3 
58 66 4 
58 67 2 
58 68 4 
58 69 3 
58 70 4 
58 71 5 
58 72 4 
58 73 5 
58 74 2 
58 75 5 
58 76 6 
58 77 5 
58 78 5 
58 79 3 
58 80 2 
58 81 2 
58 82 3 
58 83 5 
58 84 3 
58 85 3 
58 86 4 
58 87 6 
58 88 5 
58 89 5 
58 90 5 
58 91 2 
58 92 6 
58 93 6 
58 94 3 
58 95 2 
58 96 4 
58 97 5 
58 98 5 
58 99 4 
59 0 2 
59 1 1 
59 2 2 
59 3 3 
59 4 3 
59 5 3 
59 6 3 
59 7 3 
59 8 3 
59 9 3 
59 10 2 
59 11 4 
59 12 4 
59 13 3 
59 14 2 
59 15 5 
59 16 4 
59 17 3 
59 18 3 
59 19 6 
59 20 4 
59 21 3 
59 22 3 
59 23 3 
59 24 3 
59 25 2 
59 26 3 
59 27 5 
59 28 4 
59 29 3 
59 30 4 
59 31 3 
59 32 7 
59 33 7 
59 34 3 
59 35 4 
59 36 6 
59 37 4 
59 38 2 
59 39 5 
59 40 4 
59 41 5 
59 42 4 
59 43 4 
59 44 4 
59 45 5 
59 46 2 
59 47 4 
59 48 3 
59 49 4 
59 50 2 
59 51 4 
59 52 3 
59 53 3 
59 54 4 
59 55 4 
59 56 4 
59 57 6 
59 58 3 
59 59 0 
59 60 5 
59 61 5 
59 62 3 
59 63 3 
59 64 6 
59 65 4 
59 66 3 
59 67 3 
59 68 5 
59 69 4 
59 70 3 
59 71 4 
59 72 3 
59 73 6 
59 74 3 
59 75 4 
59 76 7 
59 77 4 
59 78 6 
59 79 2 
59 80 3 
59 81 3 
59 82 2 
59 83 4 
59 84 2 
59 85 2 
59 86 3 
59 87 5 
59 88 4 
59 89 6 
59 90 6 
59 91 3 
59 92 7 
59 93 7 
59 94 2 
59 95 3 
59 96 5 
59 97 6 
59 98 4 
59 99 3 
60 0 5 
60 1 4 
60 2 3 
60 3 4 
60 4 6 
60 5 6 
60 6 6 
60 7 4 
60 8 4 
60 9 6 
60 10 5 
60 11 5 
60 12 5 
60 13 6 
60 14 5 
60 15 6 
60 16 5 
60 17 4 
60 18 2 
60 19 7 
60 20 3 
60 21 4 
60 22 6 
60 23 4 
60 24 4 
60 25 5 
60 26 4 
60 27 6 
60 28 3 
60 29 6 
60 30 5 
60 31 6 
60 32 8 
60 33 8 
60 34 6 
60 35 5 
60 36 7 
60 37 1 
60 38 5 
60 39 6 
60 40 7 
60 41 6 
60 42 5 
60 43 7 
60 44 5 
60 45 6 
60 46 5 
60 47 5 
60 48 6 
60 49 5 
60 50 5 
60 51 7 
60 52 4 
60 53 6 
60 54 7 
60 55 5 
60 56 7 
60 57 7 
60 58 4 
60 59 5 
60 60 0 
60 61 8 
60 62 6 
60 63 4 
60 64 7 
60 65 5 
60 66 6 
60 67 4 
60 68 6 
60 69 5 
60 70 6 
60 71 7 
60 72 6 
60 73 7 
60 74 4 
60 75 7 
60 76 8 
60 77 7 
60 78 7 
60 79 5 
60 80 4 
60 81 4 
60 82 5 
60 83 7 
60 84 5 
60 85 5 
60 86 6 
60 87 8 
60 88 7 
60 89 7 
60 90 7 
60 91 4 
60 92 8 
60 93 8 
60 94 5 
60 95 4 
60 96 6 
60 97 7 
60 98 7 
60 99 6 
61 0 3 
61 1 4 
61 2 5 
61 3 6 
61 4 4 
61 5 2 
61 6 4 
61 7 6 
61 8 6 
61 9 4 
61 10 5 
61 11 7 
61 12 7 
61 13 4 
61 14 5 
61 15 8 
61 16 7 
61 17 6 
61 18 6 
61 19 9 
61 20 7 
61 21 6 
61 22 6 
61 23 6 
61 24 6 
61 25 5 
61 26 6 
61 27 8 
61 28 7 
61 29 6 
61 30 7 
61 31 4 
61 32 10 
61 33 10 
61 34 4 
61 35 7 
61 36 9 
61 37 7 
61 38 5 
61 39 8 
61 40 7 
61 41 8 
61 42 7 
61 43 5 
61 44 7 
61 45 8 
61 46 5 
61 47 7 
61 48 6 
61 49 7 
61 50 5 
61 51 5 
61 52 6 
61 53 6 
61 54 5 
61 55 7 
61 56 1 
61 57 9 
61 58 6 
61 59 5 
61 60 8 
61 61 0 
61 62 6 
61 63 6 
61 64 9 
61 65 7 
61 66 4 
61 67 6 
61 68 8 
61 69 7 
61 70 6 
61 71 5 
61 72 6 
61 73 9 
61 74 6 
61 75 5 
61 76 10 
61 77 7 
61 78 9 
61 79 5 
61 80 6 
61 81 6 
61 82 5 
61 83 5 
61 84 5 
61 85 5 
61 86 6 
61 87 6 
61 88 7 
61 89 9 
61 90 9 
61 91 6 
61 92 10 
61 93 10 
61 94 5 
61 95 6 
61 96 8 
61 97 9 
61 98 7 
61 99 6 
62 0 3 
62 1 2 
62 2 3 
62 3 4 
62 4 4 
62 5 4 
62 6 4 
62 7 4 
62 8 4 
62 9 4 
62 10 3 
62 11 5 
62 12 5 
62 13 4 
62 14 3 
62 15 6 
62 16 5 
62 17 4 
62 18 4 
62 19 7 
62 20 5 
62 21 4 
62 22 4 
62 23 4 
62 24 4 
62 25 1 
62 26 4 
62 27 6 
62 28 5 
62 29 2 
62 30 5 
62 31 4 
62 32 8 
62 33 8 
62 34 4 
62 35 5 
62 36 7 
62 37 5 
62 38 3 
62 39 6 
62 40 5 
62 41 6 
62 42 5 
62 43 5 
62 44 5 
62 45 6 
62 46 3 
62 47 5 
62 48 4 
62 49 5 
62 50 3 
62 51 5 
62 52 4 
62 53 4 
62 54 5 
62 55 5 
62 56 5 
62 57 7 
62 58 4 
62 59 3 
62 60 6 
62 61 6 
62 62 0 
62 63 4 
62 64 7 
62 65 5 
62 66 4 
62 67 4 
62 68 6 
62 69 5 
62 70 4 
62 71 5 
62 72 2 
62 73 7 
62 74 4 
62 75 5 
62 76 8 
62 77 3 
62 78 7 
62 79 3 
62 80 4 
62 81 4 
62 82 3 
62 83 5 
62 84 3 
62 85 3 
62 86 2 
62 87 6 
62 88 5 
62 89 7 
62 90 7 
62 91 4 
62 92 8 
62 93 8 
62 94 3 
62 95 4 
62 96 6 
62 97 7 
62 98 5 
62 99 4 
63 0 3 
63 1 2 
63 2 1 
63 3 2 
63 4 4 
63 5 4 
63 6 4 
63 7 2 
63 8 2 
63 9 4 
63 10 3 
63 11 3 
63 12 3 
63 13 4 
63 14 3 
63 15 4 
63 16 3 
63 17 2 
63 18 2 
63 19 5 
63 20 3 
63 21 2 
63 22 4 
63 23 2 
63 24 2 
63 25 3 
63 26 2 
63 27 4 
63 28 3 
63 29 4 
63 30 3 
63 31 4 
63 32 6 
63 33 6 
63 34 4 
63 35 3 
63 36 5 
63 37 3 
63 38 3 
63 39 4 
63 40 5 
63 41 4 
63 42 3 
63 43 5 
63 44 3 
63 45 4 
63 46 3 
63 47 3 
63 48 4 
63 49 3 
63 50 3 
63 51 5 
63 52 2 
63 53 4 
63 54 5 
63 55 3 
63 56 5 
63 57 5 
63 58 2 
63 59 3 
63 60 4 
63 61 6 
63 62 4 
63 63 0 
63 64 5 
63 65 3 
63 66 4 
63 67 2 
63 68 4 
63 69 3 
63 70 4 
63 71 5 
63 72 4 
63 73 5 
63 74 2 
63 75 5 
63 76 6 
63 77 5 
63 78 5 
63 79 3 
63 80 2 
63 81 2 
63 82 3 
63 83 5 
63 84 3 
63 85 3 
63 86 4 
63 87 6 
63 88 5 
63 89 5 
63 90 5 
63 91 2 
63 92 6 
63 93 6 
63 94 3 
63 95 2 
63 96 4 
63 97 5 
63 98 5 
63 99 4 
64 0 6 
64 1 5 
64 2 4 
64 3 5 
64 4 7 
64 5 7 
64 6 7 
64 7 3 
64 8 5 
64 9 7 
64 10 6 
64 11 6 
64 12 2 
64 13 7 
64 14 6 
64 15 1 
64 16 6 
64 17 5 
64 18 5 
64 19 2 
64 20 6 
64 21 5 
64 22 7 
64 23 5 
64 24 5 
64 25 6 
64 26 5 
64 27 7 
64 28 6 
64 29 7 
64 30 6 
64 31 7 
64 32 3 
64 33 3 
64 34 7 
64 35 6 
64 36 8 
64 37 6 
64 38 6 
64 39 3 
64 40 8 
64 41 3 
64 42 6 
64 43 8 
64 44 6 
64 45 3 
64 46 6 
64 47 6 
64 48 7 
64 49 6 
64 50 6 
64 51 8 
64 52 5 
64 53 7 
64 54 8 
64 55 6 
64 56 8 
64 57 4 
64 58 5 
64 59 6 
64 60 7 
64 61 9 
64 62 7 
64 63 5 
64 64 0 
64 65 6 
64 66 7 
64 67 5 
64 68 7 
64 69 4 
64 70 7 
64 71 8 
64 72 7 
64 73 4 
64 74 5 
64 75 8 
64 76 1 
64 77 8 
64 78 4 
64 79 6 
64 80 5 
64 81 5 
64 82 6 
64 83 8 
64 84 6 
64 85 6 
64 86 7 
64 87 9 
64 88 8 
64 89 4 
64 90 2 
64 91 5 
64 92 1 
64 93 5 
64 94 6 
64 95 5 
64 96 7 
64 97 8 
64 98 8 
64 99 7 
65 0 4 
65 1 3 
65 2 2 
65 3 1 
65 4 5 
65 5 5 
65 6 5 
65 7 3 
65 8 3 
65 9 5 
65 10 4 
65 11 2 
65 12 4 
65 13 5 
65 14 4 
65 15 5 
65 16 2 
65 17 3 
65 18 3 
65 19 6 
65 20 4 
65 21 3 
65 22 5 
65 23 3 
65 24 3 
65 25 4 
65 26 3 
65 27 3 
65 28 4 
65 29 5 
65 30 4 
65 31 5 
65 32 7 
65 33 7 
65 34 5 
65 35 4 
65 36 4 
65 37 4 
65 38 4 
65 39 5 
65 40 6 
65 41 5 
65 42 4 
65 43 6 
65 44 2 
65 45 5 
65 46 4 
65 47 2 
65 48 5 
65 49 4 
65 50 4 
65 51 6 
65 52 3 
65 53 5 
65 54 6 
65 55 4 
65 56 6 
65 57 6 
65 58 3 
65 59 4 
65 60 5 
65 61 7 
65 62 5 
65 63 3 
65 64 6 
65 65 0 
65 66 5 
65 67 3 
65 68 3 
65 69 4 
65 70 5 
65 71 6 
65 72 5 
65 73 6 
65 74 3 
65 75 6 
65 76 7 
65 77 6 
65 78 6 
65 79 4 
65 80 3 
65 81 3 
65 82 4 
65 83 6 
65 84 4 
65 85 4 
65 86 5 
65 87 7 
65 88 6 
65 89 6 
65 90 6 
65 91 3 
65 92 7 
65 93 7 
65 94 4 
65 95 3 
65 96 3 
65 97 4 
65 98 6 
65 99 5 
66 0 1 
66 1 2 
66 2 3 
66 3 4 
66 4 2 
66 5 2 
66 6 2 
66 7 4 
66 8 4 
66 9 2 
66 10 3 
66 11 5 
66 12 5 
66 13 2 
66 14 3 
66 15 6 
66 16 5 
66 17 4 
66 18 4 
66 19 7 
66 20 5 
66 21 4 
66 22 4 
66 23 4 
66 24 4 
66 25 3 
66 26 4 
66 27 6 
66 28 5 
66 29 4 
66 30 5 
66 31 2 
66 32 8 
66 33 8 
66 34 2 
66 35 5 
66 36 7 
66 37 5 
66 38 3 
66 39 6 
66 40 5 
66 41 6 
66 42 5 
66 43 3 
66 44 5 
66 45 6 
66 46 3 
66 47 5 
66 48 4 
66 49 5 
66 50 3 
66 51 3 
66 52 4 
66 53 4 
66 54 3 
66 55 5 
66 56 3 
66 57 7 
66 58 4 
66 59 3 
66 60 6 
66 61 4 
66 62 4 
66 63 4 
66 64 7 
66 65 5 
66 66 0 
66 67 4 
66 68 6 
66 69 5 
66 70 4 
66 71 3 
66 72 4 
66 73 7 
66 74 4 
66 75 3 
66 76 8 
66 77 5 
66 78 7 
66 79 3 
66 80 4 
66 81 4 
66 82 3 
66 83 3 
66 84 3 
66 85 3 
66 86 4 
66 87 4 
66 88 5 
66 89 7 
66 90 7 
66 91 4 
66 92 8 
66 93 8 
66 94 3 
66 95 4 
66 96 6 
66 97 7 
66 98 5 
66 99 4 
67 0 3 
67 1 2 
67 2 1 
67 3 2 
67 4 4 
67 5 4 
67 6 4 
67 7 2 
67 8 2 
67 9 4 
67 10 3 
67 11 3 
67 12 3 
67 13 4 
67 14 3 
67 15 4 
67 16 3 
67 17 2 
67 18 2 
67 19 5 
67 20 3 
67 21 2 
67 22 4 
67 23 2 
67 24 2 
67 25 3 
67 26 2 
67 27 4 
67 28 3 
67 29 4 
67 30 3 
67 31 4 
67 32 6 
67 33 6 
67 34 4 
67 35 3 
67 36 5 
67 37 3 
67 38 3 
67 39 4 
67 40 5 
67 41 4 
67 42 3 
67 43 5 
67 44 3 
67 45 4 
67 46 3 
67 47 3 
67 48 4 
67 49 3 
67 50 3 
67 51 5 
67 52 2 
67 53 4 
67 54 5 
67 55 3 
67 56 5 
67 57 5 
67 58 2 
67 59 3 
67 60 4 
67 61 6 
67 62 4 
67 63 2 
67 64 5 
67 65 3 
67 66 4 
67 67 0 
67 68 4 
67 69 3 
67 70 4 
67 71 5 
67 72 4 
67 73 5 
67 74 2 
67 75 5 
67 76 6 
67 77 5 
67 78 5 
67 79 3 
67 80 2 
67 81 2 
67 82 3 
67 83 5 
67 84 3 
67 85 3 
67 86 4 
67 87 6 
67 88 5 
67 89 5 
67 90 5 
67 91 2 
67 92 6 
67 93 6 
67 94 3 
67 95 2 
67 96 4 
67 97 5 
67 98 5 
67 99 4 
68 0 5 
68 1 4 
68 2 3 
68 3 2 
68 4 6 
68 5 6 
68 6 6 
68 7 4 
68 8 4 
68 9 6 
68 10 5 
68 11 1 
68 12 5 
68 13 6 
68 14 5 
68 15 6 
68 16 3 
68 17 4 
68 18 4 
68 19 7 
68 20 5 
68 21 4 
68 22 6 
68 23 4 
68 24 4 
68 25 5 
68 26 4 
68 27 4 
68 28 5 
68 29 6 
68 30 5 
68 31 6 
68 32 8 
68 33 8 
68 34 6 
68 35 5 
68 36 5 
68 37 5 
68 38 5 
68 39 6 
68 40 7 
68 41 6 
68 42 5 
68 43 7 
68 44 3 
68 45 6 
68 46 5 
68 47 3 
68 48 6 
68 49 5 
68 50 5 
68 51 7 
68 52 4 
68 53 6 
68 54 7 
68 55 5 
68 56 7 
68 57 7 
68 58 4 
68 59 5 
68 60 6 
68 61 8 
68 62 6 
68 63 4 
68 64 7 
68 65 3 
68 66 6 
68 67 4 
68 68 0 
68 69 5 
68 70 6 
68 71 7 
68 72 6 
68 73 7 
68 74 4 
68 75 7 
68 76 8 
68 77 7 
68 78 7 
68 79 5 
68 80 4 
68 81 4 
68 82 5 
68 83 7 
68 84 5 
68 85 5 
68 86 6 
68 87 8 
68 88 7 
68 89 7 
68 90 7 
68 91 4 
68 92 8 
68 93 8 
68 94 5 
68 95 4 
68 96 4 
68 97 5 
68 98 7 
68 99 6 
69 0 4 
69 1 3 
69 2 2 
69 3 3 
69 4 5 
69 5 5 
69 6 5 
69 7 1 
69 8 3 
69 9 5 
69 10 4 
69 11 4 
69 12 2 
69 13 5 
69 14 4 
69 15 3 
69 16 4 
69 17 3 
69 18 3 
69 19 4 
69 20 4 
69 21 3 
69 22 5 
69 23 3 
69 24 3 
69 25 4 
69 26 3 
69 27 5 
69 28 4 
69 29 5 
69 30 4 
69 31 5 
69 32 5 
69 33 5 
69 34 5 
69 35 4 
69 36 6 
69 37 4 
69 38 4 
69 39 3 
69 40 6 
69 41 3 
69 42 4 
69 43 6 
69 44 4 
69 45 3 
69 46 4 
69 47 4 
69 48 5 
69 49 4 
69 50 4 
69 51 6 
69 52 3 
69 53 5 
69 54 6 
69 55 4 
69 56 6 
69 57 4 
69 58 3 
69 59 4 
69 60 5 
69 61 7 
69 62 5 
69 63 3 
69 64 4 
69 65 4 
69 66 5 
69 67 3 
69 68 5 
69 69 0 
69 70 5 
69 71 6 
69 72 5 
69 73 4 
69 74 3 
69 75 6 
69 76 5 
69 77 6 
69 78 4 
69 79 4 
69 80 3 
69 81 3 
69 82 4 
69 83 6 
69 84 4 
69 85 4 
69 86 5 
69 87 7 
69 88 6 
69 89 4 
69 90 4 
69 91 3 
69 92 5 
69 93 5 
69 94 4 
69 95 3 
69 96 5 
69 97 6 
69 98 6 
69 99 5 
70 0 3 
70 1 2 
70 2 3 
70 3 4 
70 4 4 
70 5 4 
70 6 4 
70 7 4 
70 8 4 
70 9 4 
70 10 1 
70 11 5 
70 12 5 
70 13 4 
70 14 3 
70 15 6 
70 16 5 
70 17 4 
70 18 4 
70 19 7 
70 20 5 
70 21 4 
70 22 2 
70 23 4 
70 24 4 
70 25 3 
70 26 4 
70 27 6 
70 28 5 
70 29 4 
70 30 5 
70 31 4 
70 32 8 
70 33 8 
70 34 4 
70 35 5 
70 36 7 
70 37 5 
70 38 3 
70 39 6 
70 40 3 
70 41 6 
70 42 5 
70 43 5 
70 44 5 
70 45 6 
70 46 3 
70 47 5 
70 48 4 
70 49 5 
70 50 3 
70 51 5 
70 52 4 
70 53 4 
70 54 5 
70 55 5 
70 56 5 
70 57 7 
70 58 4 
70 59 3 
70 60 6 
70 61 6 
70 62 4 
70 63 4 
70 64 7 
70 65 5 
70 66 4 
70 67 4 
70 68 6 
70 69 5 
70 70 0 
70 71 5 
70 72 4 
70 73 7 
70 74 4 
70 75 5 
70 76 8 
70 77 5 
70 78 7 
70 79 3 
70 80 4 
70 81 4 
70 82 3 
70 83 5 
70 84 3 
70 85 3 
70 86 4 
70 87 6 
70 88 5 
70 89 7 
70 90 7 
70 91 4 
70 92 8 
70 93 8 
70 94 3 
70 95 4 
70 96 6 
70 97 7 
70 98 5 
70 99 4 
71 0 2 
71 1 3 
71 2 4 
71 3 5 
71 4 3 
71 5 3 
71 6 3 
71 7 5 
71 8 5 
71 9 3 
71 10 4 
71 11 6 
71 12 6 
71 13 1 
71 14 4 
71 15 7 
71 16 6 
71 17 5 
71 18 5 
71 19 8 
71 20 6 
71 21 5 
71 22 5 
71 23 5 
71 24 5 
71 25 4 
71 26 5 
71 27 7 
71 28 6 
71 29 5 
71 30 6 
71 31 3 
71 32 9 
71 33 9 
71 34 3 
71 35 6 
71 36 8 
71 37 6 
71 38 4 
71 39 7 
71 40 6 
71 41 7 
71 42 6 
71 43 2 
71 44 6 
71 45 7 
71 46 4 
71 47 6 
71 48 5 
71 49 6 
71 50 4 
71 51 4 
71 52 5 
71 53 5 
71 54 4 
71 55 6 
71 56 4 
71 57 8 
71 58 5 
71 59 4 
71 60 7 
71 61 5 
71 62 5 
71 63 5 
71 64 8 
71 65 6 
71 66 3 
71 67 5 
71 68 7 
71 69 6 
71 70 5 
71 71 0 
71 72 5 
71 73 8 
71 74 5 
71 75 4 
71 76 9 
71 77 6 
71 78 8 
71 79 4 
71 80 5 
71 81 5 
71 82 4 
71 83 4 
71 84 4 
71 85 4 
71 86 5 
71 87 5 
71 88 6 
71 89 8 
71 90 8 
71 91 5 
71 92 9 
71 93 9 
71 94 4 
71 95 5 
71 96 7 
71 97 8 
71 98 6 
71 99 5 
72 0 3 
72 1 2 
72 2 3 
72 3 4 
72 4 4 
72 5 4 
72 6 4 
72 7 4 
72 8 4 
72 9 4 
72 10 3 
72 11 5 
72 12 5 
72 13 4 
72 14 3 
72 15 6 
72 16 5 
72 17 4 
72 18 4 
72 19 7 
72 20 5 
72 21 4 
72 22 4 
72 23 4 
72 24 4 
72 25 1 
72 26 4 
72 27 6 
72 28 5 
72 29 2 
72 30 5 
72 31 4 
72 32 8 
72 33 8 
72 34 4 
72 35 5 
72 36 7 
72 37 5 
72 38 3 
72 39 6 
72 40 5 
72 41 6 
72 42 5 
72 43 5 
72 44 5 
72 45 6 
72 46 3 
72 47 5 
72 48 4 
72 49 5 
72 50 3 
72 51 5 
72 52 4 
72 53 4 
72 54 5 
72 55 5 
72 56 5 
72 57 7 
72 58 4 
72 59 3 
72 60 6 
72 61 6 
72 62 2 
72 63 4 
72 64 7 
72 65 5 
72 66 4 
72 67 4 
72 68 6 
72 69 5 
72 70 4 
72 71 5 
72 72 0 
72 73 7 
72 74 4 
72 75 5 
72 76 8 
72 77 3 
72 78 7 
72 79 3 
72 80 4 
72 81 4 
72 82 3 
72 83 5 
72 84 3 
72 85 3 
72 86 2 
72 87 6 
72 88 5 
72 89 7 
72 90 7 
72 91 4 
72 92 8 
72 93 8 
72 94 3 
72 95 4 
72 96 6 
72 97 7 
72 98 5 
72 99 4 
73 0 6 
73 1 5 
73 2 4 
73 3 5 
73 4 7 
73 5 7 
73 6 7 
73 7 3 
73 8 5 
73 9 7 
73 10 6 
73 11 6 
73 12 2 
73 13 7 
73 14 6 
73 15 3 
73 16 6 
73 17 5 
73 18 5 
73 19 4 
73 20 6 
73 21 5 
73 22 7 
73 23 5 
73 24 5 
73 25 6 
73 26 5 
73 27 7 
73 28 6 
73 29 7 
73 30 6 
73 31 7 
73 32 5 
73 33 5 
73 34 7 
73 35 6 
73 36 8 
73 37 6 
73 38 6 
73 39 3 
73 40 8 
73 41 3 
73 42 6 
73 43 8 
73 44 6 
73 45 1 
73 46 6 
73 47 6 
73 48 7 
73 49 6 
73 50 6 
73 51 8 
73 52 5 
73 53 7 
73 54 8 
73 55 6 
73 56 8 
73 57 2 
73 58 5 
73 59 6 
73 60 7 
73 61 9 
73 62 7 
73 63 5 
73 64 4 
73 65 6 
73 66 7 
73 67 5 
73 68 7 
73 69 4 
73 70 7 
73 71 8 
73 72 7 
73 73 0 
73 74 5 
73 75 8 
73 76 5 
73 77 8 
73 78 4 
73 79 6 
73 80 5 
73 81 5 
73 82 6 
73 83 8 
73 84 6 
73 85 6 
73 86 7 
73 87 9 
73 88 8 
73 89 2 
73 90 4 
73 91 5 
73 92 5 
73 93 3 
73 94 6 
73 95 5 
73 96 7 
73 97 8 
73 98 8 
73 99 7 
74 0 3 
74 1 2 
74 2 1 
74 3 2 
74 4 4 
74 5 4 
74 6 4 
74 7 2 
74 8 2 
74 9 4 
74 10 3 
74 11 3 
74 12 3 
74 13 4 
74 14 3 
74 15 4 
74 16 3 
74 17 2 
74 18 2 
74 19 5 
74 20 3 
74 21 2 
74 22 4 
74 23 2 
74 24 2 
74 25 3 
74 26 2 
74 27 4 
74 28 3 
74 29 4 
74 30 3 
74 31 4 
74 32 6 
74 33 6 
74 34 4 
74 35 3 
74 36 5 
74 37 3 
74 38 3 
74 39 4 
74 40 5 
74 41 4 
74 42 3 
74 43 5 
74 44 3 
74 45 4 
74 46 3 
74 47 3 
74 48 4 
74 49 3 
74 50 3 
74 51 5 
74 52 2 
74 53 4 
74 54 5 
74 55 3 
74 56 5 
74 57 5 
74 58 2 
74 59 3 
74 60 4 
74 61 6 
74 62 4 
74 63 2 
74 64 5 
74 65 3 
74 66 4 
74 67 2 
74 68 4 
74 69 3 
74 70 4 
74 71 5 
74 72 4 
74 73 5 
74 74 0 
74 75 5 
74 76 6 
74 77 5 
74 78 5 
74 79 3 
74 80 2 
74 81 2 
74 82 3 
74 83 5 
74 84 3 
74 85 3 
74 86 4 
74 87 6 
74 88 5 
74 89 5 
74 90 5 
74 91 2 
74 92 6 
74 93 6 
74 94 3 
74 95 2 
74 96 4 
74 97 5 
74 98 5 
74 99 4 
75 0 2 
75 1 3 
75 2 4 
75 3 5 
75 4 1 
75 5 3 
75 6 3 
75 7 5 
75 8 5 
75 9 3 
75 10 4 
75 11 6 
75 12 6 
75 13 3 
75 14 4 
75 15 7 
75 16 6 
75 17 5 
75 18 5 
75 19 8 
75 20 6 
75 21 5 
75 22 5 
75 23 5 
75 24 5 
75 25 4 
75 26 5 
75 27 7 
75 28 6 
75 29 5 
75 30 6 
75 31 3 
75 32 9 
75 33 9 
75 34 3 
75 35 6 
75 36 8 
75 37 6 
75 38 4 
75 39 7 
75 40 6 
75 41 7 
75 42 6 
75 43 4 
75 44 6 
75 45 7 
75 46 4 
75 47 6 
75 48 5 
75 49 6 
75 50 4 
75 51 4 
75 52 5 
75 53 5 
75 54 2 
75 55 6 
75 56 4 
75 57 8 
75 58 5 
75 59 4 
75 60 7 
75 61 5 
75 62 5 
75 63 5 
75 64 8 
75 65 6 
75 66 3 
75 67 5 
75 68 7 
75 69 6 
75 70 5 
75 71 4 
75 72 5 
75 73 8 
75 74 5 
75 75 0 
75 76 9 
75 77 6 
75 78 8 
75 79 4 
75 80 5 
75 81 5 
75 82 4 
75 83 4 
75 84 4 
75 85 4 
75 86 5 
75 87 5 
75 88 6 
75 89 8 
75 90 8 
75 91 5 
75 92 9 
75 93 9 
75 94 4 
75 95 5 
75 96 7 
75 97 8 
75 98 6 
75 99 5 
76 0 7 
76 1 6 
76 2 5 
76 3 6 
76 4 8 
76 5 8 
76 6 8 
76 7 4 
76 8 6 
76 9 8 
76 10 7 
76 11 7 
76 12 3 
76 13 8 
76 14 7 
76 15 2 
76 16 7 
76 17 6 
76 18 6 
76 19 3 
76 20 7 
76 21 6 
76 22 8 
76 23 6 
76 24 6 
76 25 7 
76 26 6 
76 27 8 
76 28 7 
76 29 8 
76 30 7 
76 31 8 
76 32 4 
76 33 4 
76 34 8 
76 35 7 
76 36 9 
76 37 7 
76 38 7 
76 39 4 
76 40 9 
76 41 4 
76 42 7 
76 43 9 
76 44 7 
76 45 4 
76 46 7 
76 47 7 
76 48 8 
76 49 7 
76 50 7 
76 51 9 
76 52 6 
76 53 8 
76 54 9 
76 55 7 
76 56 9 
76 57 5 
76 58 6 
76 59 7 
76 60 8 
76 61 10 
76 62 8 
76 63 6 
76 64 1 
76 65 7 
76 66 8 
76 67 6 
76 68 8 
76 69 5 
76 70 8 
76 71 9 
76 72 8 
76 73 5 
76 74 6 
76 75 9 
76 76 0 
76 77 9 
76 78 5 
76 79 7 
76 80 6 
76 81 6 
76 82 7 
76 83 9 
76 84 7 
76 85 7 
76 86 8 
76 87 10 
76 88 9 
76 89 5 
76 90 3 
76 91 6 
76 92 2 
76 93 6 
76 94 7 
76 95 6 
76 96 8 
76 97 9 
76 98 9 
76 99 8 
77 0 4 
77 1 3 
77 2 4 
77 3 5 
77 4 5 
77 5 5 
77 6 5 
77 7 5 
77 8 5 
77 9 5 
77 10 4 
77 11 6 
77 12 6 
77 13 5 
77 14 4 
77 15 7 
77 16 6 
77 17 5 
77 18 5 
77 19 8 
77 20 6 
77 21 5 
77 22 5 
77 23 5 
77 24 5 
77 25 2 
77 26 5 
77 27 7 
77 28 6 
77 29 1 
77 30 6 
77 31 5 
77 32 9 
77 33 9 
77 34 5 
77 35 6 
77 36 8 
77 37 6 
77 38 4 
77 39 7 
77 40 6 
77 41 7 
77 42 6 
77 43 6 
77 44 6 
77 45 7 
77 46 4 
77 47 6 
77 48 5 
77 49 6 
77 50 4 
77 51 6 
77 52 5 
77 53 5 
77 54 6 
77 55 6 
77 56 6 
77 57 8 
77 58 5 
77 59 4 
77 60 7 
77 61 7 
77 62 3 
77 63 5 
77 64 8 
77 65 6 
77 66 5 
77 67 5 
77 68 7 
77 69 6 
77 70 5 
77 71 6 
77 72 3 
77 73 8 
77 74 5 
77 75 6 
77 76 9 
77 77 0 
77 78 8 
77 79 4 
77 80 5 
77 81 5 
77 82 4 
77 83 6 
77 84 4 
77 85 4 
77 86 3 
77 87 7 
77 88 6 
77 89 8 
77 90 8 
77 91 5 
77 92 9 
77 93 9 
77 94 4 
77 95 5 
77 96 7 
77 97 8 
77 98 6 
77 99 5 
78 0 6 
78 1 5 
78 2 4 
78 3 5 
78 4 7 
78 5 7 
78 6 7 
78 7 3 
78 8 5 
78 9 7 
78 10 6 
78 11 6 
78 12 2 
78 13 7 
78 14 6 
78 15 3 
78 16 6 
78 17 5 
78 18 5 
78 19 4 
78 20 6 
78 21 5 
78 22 7 
78 23 5 
78 24 5 
78 25 6 
78 26 5 
78 27 7 
78 28 6 
78 29 7 
78 30 6 
78 31 7 
78 32 5 
78 33 5 
78 34 7 
78 35 6 
78 36 8 
78 37 6 
78 38 6 
78 39 3 
78 40 8 
78 41 1 
78 42 6 
78 43 8 
78 44 6 
78 45 3 
78 46 6 
78 47 6 
78 48 7 
78 49 6 
78 50 6 
78 51 8 
78 52 5 
78 53 7 
78 54 8 
78 55 6 
78 56 8 
78 57 4 
78 58 5 
78 59 6 
78 60 7 
78 61 9 
78 62 7 
78 63 5 
78 64 4 
78 65 6 
78 66 7 
78 67 5 
78 68 7 
78 69 4 
78 70 7 
78 71 8 
78 72 7 
78 73 4 
78 74 5 
78 75 8 
78 76 5 
78 77 8 
78 78 0 
78 79 6 
78 80 5 
78 81 5 
78 82 6 
78 83 8 
78 84 6 
78 85 6 
78 86 7 
78 87 9 
78 88 8 
78 89 4 
78 90 4 
78 91 5 
78 92 5 
78 93 5 
78 94 6 
78 95 5 
78 96 7 
78 97 8 
78 98 8 
78 99 7 
79 0 2 
79 1 1 
79 2 2 
79 3 3 
79 4 3 
79 5 3 
79 6 3 
79 7 3 
79 8 3 
79 9 3 
79 10 2 
79 11 4 
79 12 4 
79 13 3 
79 14 2 
79 15 5 
79 16 4 
79 17 3 
79 18 3 
79 19 6 
79 20 4 
79 21 3 
79 22 3 
79 23 3 
79 24 3 
79 25 2 
79 26 3 
79 27 5 
79 28 4 
79 29 3 
79 30 4 
79 31 3 
79 32 7 
79 33 7 
79 34 3 
79 35 4 
79 36 6 
79 37 4 
79 38 2 
79 39 5 
79 40 4 
79 41 5 
79 42 4 
79 43 4 
79 44 4 
79 45 5 
79 46 2 
79 47 4 
79 48 3 
79 49 4 
79 50 2 
79 51 4 
79 52 3 
79 53 3 
79 54 4 
79 55 4 
79 56 4 
79 57 6 
79 58 3 
79 59 2 
79 60 5 
79 61 5 
79 62 3 
79 63 3 
79 64 6 
79 65 4 
79 66 3 
79 67 3 
79 68 5 
79 69 4 
79 70 3 
79 71 4 
79 72 3 
79 73 6 
79 74 3 
79 75 4 
79 76 7 
79 77 4 
79 78 6 
79 79 0 
79 80 3 
79 81 3 
79 82 2 
79 83 4 
79 84 2 
79 85 2 
79 86 3 
79 87 5 
79 88 4 
79 89 6 
79 90 6 
79 91 3 
79 92 7 
79 93 7 
79 94 2 
79 95 3 
79 96 5 
79 97 6 
79 98 4 
79 99 3 
80 0 3 
80 1 2 
80 2 1 
80 3 2 
80 4 4 
80 5 4 
80 6 4 
80 7 2 
80 8 2 
80 9 4 
80 10 3 
80 11 3 
80 12 3 
80 13 4 
80 14 3 
80 15 4 
80 16 3 
80 17 2 
80 18 2 
80 19 5 
80 20 3 
80 21 2 
80 22 4 
80 23 2 
80 24 2 
80 25 3 
80 26 2 
80 27 4 
80 28 3 
80 29 4 
80 30 3 
80 31 4 
80 32 6 
80 33 6 
80 34 4 
80 35 3 
80 36 5 
80 37 3 
80 38 3 
80 39 4 
80 40 5 
80 41 4 
80 42 3 
80 43 5 
80 44 3 
80 45 4 
80 46 3 
80 47 3 
80 48 4 
80 49 3 
80 50 3 
80 51 5 
80 52 2 
80 53 4 
80 54 5 
80 55 3 
80 56 5 
80 57 5 
80 58 2 
80 59 3 
80 60 4 
80 61 6 
80 62 4 
80 63 2 
80 64 5 
80 65 3 
80 66 4 
80 67 2 
80 68 4 
80 69 3 
80 70 4 
80 71 5 
80 72 4 
80 73 5 
80 74 2 
80 75 5 
80 76 6 
80 77 5 
80 78 5 
80 79 3 
80 80 0 
80 81 2 
80 82 3 
80 83 5 
80 84 3 
80 85 3 
80 86 4 
80 87 6 
80 88 5 
80 89 5 
80 90 5 
80 91 2 
80 92 6 
80 93 6 
80 94 3 
80 95 2 
80 96 4 
80 97 5 
80 98 5 
80 99 4 
81 0 3 
81 1 2 
81 2 1 
81 3 2 
81 4 4 
81 5 4 
81 6 4 
81 7 2 
81 8 2 
81 9 4 
81 10 3 
81 11 3 
81 12 3 
81 13 4 
81 14 3 
81 15 4 
81 16 3 
81 17 2 
81 18 2 
81 19 5 
81 20 3 
81 21 2 
81 22 4 
81 23 2 
81 24 2 
81 25 3 
81 26 2 
81 27 4 
81 28 3 
81 29 4 
81 30 3 
81 31 4 
81 32 6 
81 33 6 
81 34 4 
81 35 3 
81 36 5 
81 37 3 
81 38 3 
81 39 4 
81 40 5 
81 41 4 
81 42 3 
81 43 5 
81 44 3 
81 45 4 
81 46 3 
81 47 3 
81 48 4 
81 49 3 
81 50 3 
81 51 5 
81 52 2 
81 53 4 
81 54 5 
81 55 3 
81 56 5 
81 57 5 
81 58 2 
81 59 3 
81 60 4 
81 61 6 
81 62 4 
81 63 2 
81 64 5 
81 65 3 
81 66 4 
81 67 2 
81 68 4 
81 69 3 
81 70 4 
81 71 5 
81 72 4 
81 73 5 
81 74 2 
81 75 5 
81 76 6 
81 77 5 
81 78 5 
81 79 3 
81 80 2 
81 81 0 
81 82 3 
81 83 5 
81 84 3 
81 85 3 
81 86 4 
81 87 6 
81 88 5 
81 89 5 
81 90 5 
81 91 2 
81 92 6 
81 93 6 
81 94 3 
81 95 2 
81 96 4 
81 97 5 
81 98 5 
81 99 4 
82 0 2 
82 1 1 
82 2 2 
82 3 3 
82 4 3 
82 5 3 
82 6 3 
82 7 3 
82 8 3 
82 9 3 
82 10 2 
82 11 4 
82 12 4 
82 13 3 
82 14 2 
82 15 5 
82 16 4 
82 17 3 
82 18 3 
82 19 6 
82 20 4 
82 21 3 
82 22 3 
82 23 3 
82 24 3 
82 25 2 
82 26 3 
82 27 5 
82 28 4 
82 29 3 
82 30 4 
82 31 3 
82 32 7 
82 33 7 
82 34 3 
82 35 4 
82 36 6 
82 37 4 
82 38 2 
82 39 5 
82 40 4 
82 41 5 
82 42 4 
82 43 4 
82 44 4 
82 45 5 
82 46 2 
82 47 4 
82 48 3 
82 49 4 
82 50 2 
82 51 4 
82 52 3 
82 53 3 
82 54 4 
82 55 4 
82 56 4 
82 57 6 
82 58 3 
82 59 2 
82 60 5 
82 61 5 
82 62 3 
82 63 3 
82 64 6 
82 65 4 
82 66 3 
82 67 3 
82 68 5 
82 69 4 
82 70 3 
82 71 4 
82 72 3 
82 73 6 
82 74 3 
82 75 4 
82 76 7 
82 77 4 
82 78 6 
82 79 2 
82 80 3 
82 81 3 
82 82 0 
82 83 4 
82 84 2 
82 85 2 
82 86 3 
82 87 5 
82 88 4 
82 89 6 
82 90 6 
82 91 3 
82 92 7 
82 93 7 
82 94 2 
82 95 3 
82 96 5 
82 97 6 
82 98 4 
82 99 3 
83 0 2 
83 1 3 
83 2 4 
83 3 5 
83 4 3 
83 5 3 
83 6 3 
83 7 5 
83 8 5 
83 9 3 
83 10 4 
83 11 6 
83 12 6 
83 13 3 
83 14 4 
83 15 7 
83 16 6 
83 17 5 
83 18 5 
83 19 8 
83 20 6 
83 21 5 
83 22 5 
83 23 5 
83 24 5 
83 25 4 
83 26 5 
83 27 7 
83 28 6 
83 29 5 
83 30 6 
83 31 3 
83 32 9 
83 33 9 
83 34 1 
83 35 6 
83 36 8 
83 37 6 
83 38 4 
83 39 7 
83 40 6 
83 41 7 
83 42 6 
83 43 4 
83 44 6 
83 45 7 
83 46 4 
83 47 6 
83 48 5 
83 49 6 
83 50 4 
83 51 2 
83 52 5 
83 53 5 
83 54 4 
83 55 6 
83 56 4 
83 57 8 
83 58 5 
83 59 4 
83 60 7 
83 61 5 
83 62 5 
83 63 5 
83 64 8 
83 65 6 
83 66 3 
83 67 5 
83 68 7 
83 69 6 
83 70 5 
83 71 4 
83 72 5 
83 73 8 
83 74 5 
83 75 4 
83 76 9 
83 77 6 
83 78 8 
83 79 4 
83 80 5 
83 81 5 
83 82 4 
83 83 0 
83 84 4 
83 85 4 
83 86 5 
83 87 3 
83 88 6 
83 89 8 
83 90 8 
83 91 5 
83 92 9 
83 93 9 
83 94 4 
83 95 5 
83 96 7 
83 97 8 
83 98 6 
83 99 5 
84 0 2 
84 1 1 
84 2 2 
84 3 3 
84 4 3 
84 5 3 
84 6 3 
84 7 3 
84 8 3 
84 9 3 
84 10 2 
84 11 4 
84 12 4 
84 13 3 
84 14 2 
84 15 5 
84 16 4 
84 17 3 
84 18 3 
84 19 6 
84 20 4 
84 21 3 
84 22 3 
84 23 3 
84 24 3 
84 25 2 
84 26 3 
84 27 5 
84 28 4 
84 29 3 
84 30 4 
84 31 3 
84 32 7 
84 33 7 
84 34 3 
84 35 4 
84 36 6 
84 37 4 
84 38 2 
84 39 5 
84 40 4 
84 41 5 
84 42 4 
84 43 4 
84 44 4 
84 45 5 
84 46 2 
84 47 4 
84 48 3 
84 49 4 
84 50 2 
84 51 4 
84 52 3 
84 53 3 
84 54 4 
84 55 4 
84 56 4 
84 57 6 
84 58 3 
84 59 2 
84 60 5 
84 61 5 
84 62 3 
84 63 3 
84 64 6 
84 65 4 
84 66 3 
84 67 3 
84 68 5 
84 69 4 
84 70 3 
84 71 4 
84 72 3 
84 73 6 
84 74 3 
84 75 4 
84 76 7 
84 77 4 
84 78 6 
84 79 2 
84 80 3 
84 81 3 
84 82 2 
84 83 4 
84 84 0 
84 85 2 
84 86 3 
84 87 5 
84 88 4 
84 89 6 
84 90 6 
84 91 3 
84 92 7 
84 93 7 
84 94 2 
84 95 3 
84 96 5 
84 97 6 
84 98 4 
84 99 3 
85 0 2 
85 1 1 
85 2 2 
85 3 3 
85 4 3 
85 5 3 
85 6 3 
85 7 3 
85 8 3 
85 9 3 
85 10 2 
85 11 4 
85 12 4 
85 13 3 
85 14 2 
85 15 5 
85 16 4 
85 17 3 
85 18 3 
85 19 6 
85 20 4 
85 21 3 
85 22 3 
85 23 3 
85 24 3 
85 25 2 
85 26 3 
85 27 5 
85 28 4 
85 29 3 
85 30 4 
85 31 3 
85 32 7 
85 33 7 
85 34 3 
85 35 4 
85 36 6 
85 37 4 
85 38 2 
85 39 5 
85 40 4 
85 41 5 
85 42 4 
85 43 4 
85 44 4 
85 45 5 
85 46 2 
85 47 4 
85 48 3 
85 49 4 
85 50 2 
85 51 4 
85 52 3 
85 53 3 
85 54 4 
85 55 4 
85 56 4 
85 57 6 
85 58 3 
85 59 2 
85 60 5 
85 61 5 
85 62 3 
85 63 3 
85 64 6 
85 65 4 
85 66 3 
85 67 3 
85 68 5 
85 69 4 
85 70 3 
85 71 4 
85 72 3 
85 73 6 
85 74 3 
85 75 4 
85 76 7 
85 77 4 
85 78 6 
85 79 2 
85 80 3 
85 81 3 
85 82 2 
85 83 4 
85 84 2 
85 85 0 
85 86 3 
85 87 5 
85 88 4 
85 89 6 
85 90 6 
85 91 3 
85 92 7 
85 93 7 
85 94 2 
85 95 3 
85 96 5 
85 97 6 
85 98 4 
85 99 3 
86 0 3 
86 1 2 
86 2 3 
86 3 4 
86 4 4 
86 5 4 
86 6 4 
86 7 4 
86 8 4 
86 9 4 
86 10 3 
86 11 5 
86 12 5 
86 13 4 
86 14 3 
86 15 6 
86 16 5 
86 17 4 
86 18 4 
86 19 7 
86 20 5 
86 21 4 
86 22 4 
86 23 4 
86 24 4 
86 25 1 
86 26 4 
86 27 6 
86 28 5 
86 29 2 
86 30 5 
86 31 4 
86 32 8 
86 33 8 
86 34 4 
86 35 5 
86 36 7 
86 37 5 
86 38 3 
86 39 6 
86 40 5 
86 41 6 
86 42 5 
86 43 5 
86 44 5 
86 45 6 
86 46 3 
86 47 5 
86 48 4 
86 49 5 
86 50 3 
86 51 5 
86 52 4 
86 53 4 
86 54 5 
86 55 5 
86 56 5 
86 57 7 
86 58 4 
86 59 3 
86 60 6 
86 61 6 
86 62 2 
86 63 4 
86 64 7 
86 65 5 
86 66 4 
86 67 4 
86 68 6 
86 69 5 
86 70 4 
86 71 5 
86 72 2 
86 73 7 
86 74 4 
86 75 5 
86 76 8 
86 77 3 
86 78 7 
86 79 3 
86 80 4 
86 81 4 
86 82 3 
86 83 5 
86 84 3 
86 85 3 
86 86 0 
86 87 6 
86 88 5 
86 89 7 
86 90 7 
86 91 4 
86 92 8 
86 93 8 
86 94 3 
86 95 4 
86 96 6 
86 97 7 
86 98 5 
86 99 4 
87 0 3 
87 1 4 
87 2 5 
87 3 6 
87 4 4 
87 5 4 
87 6 4 
87 7 6 
87 8 6 
87 9 4 
87 10 5 
87 11 7 
87 12 7 
87 13 4 
87 14 5 
87 15 8 
87 16 7 
87 17 6 
87 18 6 
87 19 9 
87 20 7 
87 21 6 
87 22 6 
87 23 6 
87 24 6 
87 25 5 
87 26 6 
87 27 8 
87 28 7 
87 29 6 
87 30 7 
87 31 4 
87 32 10 
87 33 10 
87 34 2 
87 35 7 
87 36 9 
87 37 7 
87 38 5 
87 39 8 
87 40 7 
87 41 8 
87 42 7 
87 43 5 
87 44 7 
87 45 8 
87 46 5 
87 47 7 
87 48 6 
87 49 7 
87 50 5 
87 51 1 
87 52 6 
87 53 6 
87 54 5 
87 55 7 
87 56 5 
87 57 9 
87 58 6 
87 59 5 
87 60 8 
87 61 6 
87 62 6 
87 63 6 
87 64 9 
87 65 7 
87 66 4 
87 67 6 
87 68 8 
87 69 7 
87 70 6 
87 71 5 
87 72 6 
87 73 9 
87 74 6 
87 75 5 
87 76 10 
87 77 7 
87 78 9 
87 79 5 
87 80 6 
87 81 6 
87 82 5 
87 83 3 
87 84 5 
87 85 5 
87 86 6 
87 87 0 
87 88 7 
87 89 9 
87 90 9 
87 91 6 
87 92 10 
87 93 10 
87 94 5 
87 95 6 
87 96 8 
87 97 9 
87 98 7 
87 99 6 
88 0 4 
88 1 3 
88 2 4 
88 3 5 
88 4 5 
88 5 5 
88 6 5 
88 7 5 
88 8 5 
88 9 5 
88 10 4 
88 11 6 
88 12 6 
88 13 5 
88 14 4 
88 15 7 
88 16 6 
88 17 5 
88 18 5 
88 19 8 
88 20 6 
88 21 5 
88 22 5 
88 23 5 
88 24 5 
88 25 4 
88 26 5 
88 27 7 
88 28 6 
88 29 5 
88 30 6 
88 31 5 
88 32 9 
88 33 9 
88 34 5 
88 35 6 
88 36 8 
88 37 6 
88 38 4 
88 39 7 
88 40 6 
88 41 7 
88 42 6 
88 43 6 
88 44 6 
88 45 7 
88 46 4 
88 47 6 
88 48 5 
88 49 6 
88 50 2 
88 51 6 
88 52 5 
88 53 1 
88 54 6 
88 55 6 
88 56 6 
88 57 8 
88 58 5 
88 59 4 
88 60 7 
88 61 7 
88 62 5 
88 63 5 
88 64 8 
88 65 6 
88 66 5 
88 67 5 
88 68 7 
88 69 6 
88 70 5 
88 71 6 
88 72 5 
88 73 8 
88 74 5 
88 75 6 
88 76 9 
88 77 6 
88 78 8 
88 79 4 
88 80 5 
88 81 5 
88 82 4 
88 83 6 
88 84 4 
88 85 4 
88 86 5 
88 87 7 
88 88 0 
88 89 8 
88 90 8 
88 91 5 
88 92 9 
88 93 9 
88 94 4 
88 95 5 
88 96 7 
88 97 8 
88 98 6 
88 99 5 
89 0 6 
89 1 5 
89 2 4 
89 3 5 
89 4 7 
89 5 7 
89 6 7 
89 7 3 
89 8 5 
89 9 7 
89 10 6 
89 11 6 
89 12 2 
89 13 7 
89 14 6 
89 15 3 
89 16 6 
89 17 5 
89 18 5 
89 19 4 
89 20 6 
89 21 5 
89 22 7 
89 23 5 
89 24 5 
89 25 6 
89 26 5 
89 27 7 
89 28 6 
89 29 7 
89 30 6 
89 31 7 
89 32 5 
89 33 5 
89 34 7 
89 35 6 
89 36 8 
89 37 6 
89 38 6 
89 39 3 
89 40 8 
89 41 3 
89 42 6 
89 43 8 
89 44 6 
89 45 1 
89 46 6 
89 47 6 
89 48 7 
89 49 6 
89 50 6 
89 51 8 
89 52 5 
89 53 7 
89 54 8 
89 55 6 
89 56 8 
89 57 2 
89 58 5 
89 59 6 
89 60 7 
89 61 9 
89 62 7 
89 63 5 
89 64 4 
89 65 6 
89 66 7 
89 67 5 
89 68 7 
89 69 4 
89 70 7 
89 71 8 
89 72 7 
89 73 2 
89 74 5 
89 75 8 
89 76 5 
89 77 8 
89 78 4 
89 79 6 
89 80 5 
89 81 5 
89 82 6 
89 83 8 
89 84 6 
89 85 6 
89 86 7 
89 87 9 
89 88 8 
89 89 0 
89 90 4 
89 91 5 
89 92 5 
89 93 1 
89 94 6 
89 95 5 
89 96 7 
89 97 8 
89 98 8 
89 99 7 
90 0 6 
90 1 5 
90 2 4 
90 3 5 
90 4 7 
90 5 7 
90 6 7 
90 7 3 
90 8 5 
90 9 7 
90 10 6 
90 11 6 
90 12 2 
90 13 7 
90 14 6 
90 15 1 
90 16 6 
90 17 5 
90 18 5 
90 19 2 
90 20 6 
90 21 5 
90 22 7 
90 23 5 
90 24 5 
90 25 6 
90 26 5 
90 27 7 
90 28 6 
90 29 7 
90 30 6 
90 31 7 
90 32 3 
90 33 3 
90 34 7 
90 35 6 
90 36 8 
90 37 6 
90 38 6 
90 39 3 
90 40 8 
90 41 3 
90 42 6 
90 43 8 
90 44 6 
90 45 3 
90 46 6 
90 47 6 
90 48 7 
90 49 6 
90 50 6 
90 51 8 
90 52 5 
90 53 7 
90 54 8 
90 55 6 
90 56 8 
90 57 4 
90 58 5 
90 59 6 
90 60 7 
90 61 9 
90 62 7 
90 63 5 
90 64 2 
90 65 6 
90 66 7 
90 67 5 
90 68 7 
90 69 4 
90 70 7 
90 71 8 
90 72 7 
90 73 4 
90 74 5 
90 75 8 
90 76 3 
90 77 8 
90 78 4 
90 79 6 
90 80 5 
90 81 5 
90 82 6 
90 83 8 
90 84 6 
90 85 6 
90 86 7 
90 87 9 
90 88 8 
90 89 4 
90 90 0 
90 91 5 
90 92 3 
90 93 5 
90 94 6 
90 95 5 
90 96 7 
90 97 8 
90 98 8 
90 99 7 
91 0 3 
91 1 2 
91 2 1 
91 3 2 
91 4 4 
91 5 4 
91 6 4 
91 7 2 
91 8 2 
91 9 4 
91 10 3 
91 11 3 
91 12 3 
91 13 4 
91 14 3 
91 15 4 
91 16 3 
91 17 2 
91 18 2 
91 19 5 
91 20 3 
91 21 2 
91 22 4 
91 23 2 
91 24 2 
91 25 3 
91 26 2 
91 27 4 
91 28 3 
91 29 4 
91 30 3 
91 31 4 
91 32 6 
91 33 6 
91 34 4 
91 35 3 
91 36 5 
91 37 3 
91 38 3 
91 39 4 
91 40 5 
91 41 4 
91 42 3 
91 43 5 
91 44 3 
91 45 4 
91 46 3 
91 47 3 
91 48 4 
91 49 3 
91 50 3 
91 51 5 
91 52 2 
91 53 4 
91 54 5 
91 55 3 
91 56 5 
91 57 5 
91 58 2 
91 59 3 
91 60 4 
91 61 6 
91 62 4 
91 63 2 
91 64 5 
91 65 3 
91 66 4 
91 67 2 
91 68 4 
91 69 3 
91 70 4 
91 71 5 
91 72 4 
91 73 5 
91 74 2 
91 75 5 
91 76 6 
91 77 5 
91 78 5 
91 79 3 
91 80 2 
91 81 2 
91 82 3 
91 83 5 
91 84 3 
91 85 3 
91 86 4 
91 87 6 
91 88 5 
91 89 5 
91 90 5 
91 91 0 
91 92 6 
91 93 6 
91 94 3 
91 95 2 
91 96 4 
91 97 5 
91 98 5 
91 99 4 
92 0 7 
92 1 6 
92 2 5 
92 3 6 
92 4 8 
92 5 8 
92 6 8 
92 7 4 
92 8 6 
92 9 8 
92 10 7 
92 11 7 
92 12 3 
92 13 8 
92 14 7 
92 15 2 
92 16 7 
92 17 6 
92 18 6 
92 19 3 
92 20 7 
92 21 6 
92 22 8 
92 23 6 
92 24 6 
92 25 7 
92 26 6 
92 27 8 
92 28 7 
92 29 8 
92 30 7 
92 31 8 
92 32 4 
92 33 4 
92 34 8 
92 35 7 
92 36 9 
92 37 7 
92 38 7 
92 39 4 
92 40 9 
92 41 4 
92 42 7 
92 43 9 
92 44 7 
92 45 4 
92 46 7 
92 47 7 
92 48 8 
92 49 7 
92 50 7 
92 51 9 
92 52 6 
92 53 8 
92 54 9 
92 55 7 
92 56 9 
92 57 5 
92 58 6 
92 59 7 
92 60 8 
92 61 10 
92 62 8 
92 63 6 
92 64 1 
92 65 7 
92 66 8 
92 67 6 
92 68 8 
92 69 5 
92 70 8 
92 71 9 
92 72 8 
92 73 5 
92 74 6 
92 75 9 
92 76 2 
92 77 9 
92 78 5 
92 79 7 
92 80 6 
92 81 6 
92 82 7 
92 83 9 
92 84 7 
92 85 7 
92 86 8 
92 87 10 
92 88 9 
92 89 5 
92 90 3 
92 91 6 
92 92 0 
92 93 6 
92 94 7 
92 95 6 
92 96 8 
92 97 9 
92 98 9 
92 99 8 
93 0 7 
93 1 6 
93 2 5 
93 3 6 
93 4 8 
93 5 8 
93 6 8 
93 7 4 
93 8 6 
93 9 8 
93 10 7 
93 11 7 
93 12 3 
93 13 8 
93 14 7 
93 15 4 
93 16 7 
93 17 6 
93 18 6 
93 19 5 
93 20 7 
93 21 6 
93 22 8 
93 23 6 
93 24 6 
93 25 7 
93 26 6 
93 27 8 
93 28 7 
93 29 8 
93 30 7 
93 31 8 
93 32 6 
93 33 6 
93 34 8 
93 35 7 
93 36 9 
93 37 7 
93 38 7 
93 39 4 
93 40 9 
93 41 4 
93 42 7 
93 43 9 
93 44 7 
93 45 2 
93 46 7 
93 47 7 
93 48 8 
93 49 7 
93 50 7 
93 51 9 
93 52 6 
93 53 8 
93 54 9 
93 55 7 
93 56 9 
93 57 3 
93 58 6 
93 59 7 
93 60 8 
93 61 10 
93 62 8 
93 63 6 
93 64 5 
93 65 7 
93 66 8 
93 67 6 
93 68 8 
93 69 5 
93 70 8 
93 71 9 
93 72 8 
93 73 3 
93 74 6 
93 75 9 
93 76 6 
93 77 9 
93 78 5 
93 79 7 
93 80 6 
93 81 6 
93 82 7 
93 83 9 
93 84 7 
93 85 7 
93 86 8 
93 87 10 
93 88 9 
93 89 1 
93 90 5 
93 91 6 
93 92 6 
93 93 0 
93 94 7 
93 95 6 
93 96 8 
93 97 9 
93 98 9 
93 99 8 
94 0 2 
94 1 1 
94 2 2 
94 3 3 
94 4 3 
94 5 3 
94 6 3 
94 7 3 
94 8 3 
94 9 3 
94 10 2 
94 11 4 
94 12 4 
94 13 3 
94 14 2 
94 15 5 
94 16 4 
94 17 3 
94 18 3 
94 19 6 
94 20 4 
94 21 3 
94 22 3 
94 23 3 
94 24 3 
94 25 2 
94 26 3 
94 27 5 
94 28 4 
94 29 3 
94 30 4 
94 31 3 
94 32 7 
94 33 7 
94 34 3 
94 35 4 
94 36 6 
94 37 4 
94 38 2 
94 39 5 
94 40 4 
94 41 5 
94 42 4 
94 43 4 
94 44 4 
94 45 5 
94 46 2 
94 47 4 
94 48 3 
94 49 4 
94 50 2 
94 51 4 
94 52 3 
94 53 3 
94 54 4 
94 55 4 
94 56 4 
94 57 6 
94 58 3 
94 59 2 
94 60 5 
94 61 5 
94 62 3 
94 63 3 
94 64 6 
94 65 4 
94 66 3 
94 67 3 
94 68 5 
94 69 4 
94 70 3 
94 71 4 
94 72 3 
94 73 6 
94 74 3 
94 75 4 
94 76 7 
94 77 4 
94 78 6 
94 79 2 
94 80 3 
94 81 3 
94 82 2 
94 83 4 
94 84 2 
94 85 2 
94 86 3 
94 87 5 
94 88 4 
94 89 6 
94 90 6 
94 91 3 
94 92 7 
94 93 7 
94 94 0 
94 95 3 
94 96 5 
94 97 6 
94 98 4 
94 99 1 
95 0 3 
95 1 2 
95 2 1 
95 3 2 
95 4 4 
95 5 4 
95 6 4 
95 7 2 
95 8 2 
95 9 4 
95 10 3 
95 11 3 
95 12 3 
95 13 4 
95 14 3 
95 15 4 
95 16 3 
95 17 2 
95 18 2 
95 19 5 
95 20 3 
95 21 2 
95 22 4 
95 23 2 
95 24 2 
95 25 3 
95 26 2 
95 27 4 
95 28 3 
95 29 4 
95 30 3 
95 31 4 
95 32 6 
95 33 6 
95 34 4 
95 35 3 
95 36 5 
95 37 3 
95 38 3 
95 39 4 
95 40 5 
95 41 4 
95 42 3 
95 43 5 
95 44 3 
95 45 4 
95 46 3 
95 47 3 
95 48 4 
95 49 3 
95 50 3 
95 51 5 
95 52 2 
95 53 4 
95 54 5 
95 55 3 
95 56 5 
95 57 5 
95 58 2 
95 59 3 
95 60 4 
95 61 6 
95 62 4 
95 63 2 
95 64 5 
95 65 3 
95 66 4 
95 67 2 
95 68 4 
95 69 3 
95 70 4 
95 71 5 
95 72 4 
95 73 5 
95 74 2 
95 75 5 
95 76 6 
95 77 5 
95 78 5 
95 79 3 
95 80 2 
95 81 2 
95 82 3 
95 83 5 
95 84 3 
95 85 3 
95 86 4 
95 87 6 
95 88 5 
95 89 5 
95 90 5 
95 91 2 
95 92 6 
95 93 6 
95 94 3 
95 95 0 
95 96 4 
95 97 5 
95 98 5 
95 99 4 
96 0 5 
96 1 4 
96 2 3 
96 3 2 
96 4 6 
96 5 6 
96 6 6 
96 7 4 
96 8 4 
96 9 6 
96 10 5 
96 11 3 
96 12 5 
96 13 6 
96 14 5 
96 15 6 
96 16 1 
96 17 4 
96 18 4 
96 19 7 
96 20 5 
96 21 4 
96 22 6 
96 23 4 
96 24 4 
96 25 5 
96 26 4 
96 27 2 
96 28 5 
96 29 6 
96 30 5 
96 31 6 
96 32 8 
96 33 8 
96 34 6 
96 35 5 
96 36 3 
96 37 5 
96 38 5 
96 39 6 
96 40 7 
96 41 6 
96 42 5 
96 43 7 
96 44 3 
96 45 6 
96 46 5 
96 47 3 
96 48 6 
96 49 5 
96 50 5 
96 51 7 
96 52 4 
96 53 6 
96 54 7 
96 55 5 
96 56 7 
96 57 7 
96 58 4 
96 59 5 
96 60 6 
96 61 8 
96 62 6 
96 63 4 
96 64 7 
96 65 3 
96 66 6 
96 67 4 
96 68 4 
96 69 5 
96 70 6 
96 71 7 
96 72 6 
96 73 7 
96 74 4 
96 75 7 
96 76 8 
96 77 7 
96 78 7 
96 79 5 
96 80 4 
96 81 4 
96 82 5 
96 83 7 
96 84 5 
96 85 5 
96 86 6 
96 87 8 
96 88 7 
96 89 7 
96 90 7 
96 91 4 
96 92 8 
96 93 8 
96 94 5 
96 95 4 
96 96 0 
96 97 3 
96 98 7 
96 99 6 
97 0 6 
97 1 5 
97 2 4 
97 3 3 
97 4 7 
97 5 7 
97 6 7 
97 7 5 
97 8 5 
97 9 7 
97 10 6 
97 11 4 
97 12 6 
97 13 7 
97 14 6 
97 15 7 
97 16 2 
97 17 5 
97 18 5 
97 19 8 
97 20 6 
97 21 5 
97 22 7 
97 23 5 
97 24 5 
97 25 6 
97 26 5 
97 27 1 
97 28 6 
97 29 7 
97 30 6 
97 31 7 
97 32 9 
97 33 9 
97 34 7 
97 35 6 
97 36 2 
97 37 6 
97 38 6 
97 39 7 
97 40 8 
97 41 7 
97 42 6 
97 43 8 
97 44 4 
97 45 7 
97 46 6 
97 47 4 
97 48 7 
97 49 6 
97 50 6 
97 51 8 
97 52 5 
97 53 7 
97 54 8 
97 55 6 
97 56 8 
97 57 8 
97 58 5 
97 59 6 
97 60 7 
97 61 9 
97 62 7 
97 63 5 
97 64 8 
97 65 4 
97 66 7 
97 67 5 
97 68 5 
97 69 6 
97 70 7 
97 71 8 
97 72 7 
97 73 8 
97 74 5 
97 75 8 
97 76 9 
97 77 8 
97 78 8 
97 79 6 
97 80 5 
97 81 5 
97 82 6 
97 83 8 
97 84 6 
97 85 6 
97 86 7 
97 87 9 
97 88 8 
97 89 8 
97 90 8 
97 91 5 
97 92 9 
97 93 9 
97 94 6 
97 95 5 
97 96 3 
97 97 0 
97 98 8 
97 99 7 
98 0 4 
98 1 3 
98 2 4 
98 3 5 
98 4 5 
98 5 5 
98 6 5 
98 7 5 
98 8 5 
98 9 5 
98 10 4 
98 11 6 
98 12 6 
98 13 5 
98 14 4 
98 15 7 
98 16 6 
98 17 5 
98 18 5 
98 19 8 
98 20 6 
98 21 5 
98 22 5 
98 23 5 
98 24 5 
98 25 4 
98 26 5 
98 27 7 
98 28 6 
98 29 5 
98 30 6 
98 31 5 
98 32 9 
98 33 9 
98 34 5 
98 35 6 
98 36 8 
98 37 6 
98 38 2 
98 39 7 
98 40 6 
98 41 7 
98 42 6 
98 43 6 
98 44 6 
98 45 7 
98 46 4 
98 47 6 
98 48 1 
98 49 6 
98 50 4 
98 51 6 
98 52 5 
98 53 5 
98 54 6 
98 55 6 
98 56 6 
98 57 8 
98 58 5 
98 59 4 
98 60 7 
98 61 7 
98 62 5 
98 63 5 
98 64 8 
98 65 6 
98 66 5 
98 67 5 
98 68 7 
98 69 6 
98 70 5 
98 71 6 
98 72 5 
98 73 8 
98 74 5 
98 75 6 
98 76 9 
98 77 6 
98 78 8 
98 79 4 
98 80 5 
98 81 5 
98 82 4 
98 83 6 
98 84 4 
98 85 4 
98 86 5 
98 87 7 
98 88 6 
98 89 8 
98 90 8 
98 91 5 
98 92 9 
98 93 9 
98 94 4 
98 95 5 
98 96 7 
98 97 8 
98 98 0 
98 99 5 
99 0 3 
99 1 2 
99 2 3 
99 3 4 
99 4 4 
99 5 4 
99 6 4 
99 7 4 
99 8 4 
99 9 4 
99 10 3 
99 11 5 
99 12 5 
99 13 4 
99 14 3 
99 15 6 
99 16 5 
99 17 4 
99 18 4 
99 19 7 
99 20 5 
99 21 4 
99 22 4 
99 23 4 
99 24 4 
99 25 3 
99 26 4 
99 27 6 
99 28 5 
99 29 4 
99 30 5 
99 31 4 
99 32 8 
99 33 8 
99 34 4 
99 35 5 
99 36 7 
99 37 5 
99 38 3 
99 39 6 
99 40 5 
99 41 6 
99 42 5 
99 43 5 
99 44 5 
99 45 6 
99 46 3 
99 47 5 
99 48 4 
99 49 5 
99 50 3 
99 51 5 
99 52 4 
99 53 4 
99 54 5 
99 55 5 
99 56 5 
99 57 7 
99 58 4 
99 59 3 
99 60 6 
99 61 6 
99 62 4 
99 63 4 
99 64 7 
99 65 5 
99 66 4 
99 67 4 
99 68 6 
99 69 5 
99 70 4 
99 71 5 
99 72 4 
99 73 7 
99 74 4 
99 75 5 
99 76 8 
99 77 5 
99 78 7 
99 79 3 
99 80 4 
99 81 4 
99 82 3 
99 83 5 
99 84 3 
99 85 3 
99 86 4 
99 87 6 
99 88 5 
99 89 7 
99 90 7 
99 91 4 
99 92 8 
99 93 8 
99 94 1 
99 95 4 
99 96 6 
99 97 7 
99 98 5 
99 99 0 
